59 459
347 459
118 459
161 459
275 459
210 459
84 459
151 421
128 403
284 403
186 403
238 403
102 403
178 385
365 385
442 385
119 368
160 368
419 368
376 351
465 351
417 351
138 351
284 351
378 335
116 335
408 319
388 319
449 319
409 303
440 303
374 303
296 303
399 288
377 288
367 273
388 273
470 273
465 259
308 259
482 259
428 259
446 259
355 245
377 245
390 245
530 245
431 232
410 232
473 232
503 232
498 219
380 219
351 219
426 206
430 194
392 159
325 137
371 137
334 127
334 97
643 88
334 88
619 88
636 70
259 62
597 62
365 54
288 46
37 46
637 46
287 38
265 38
584 38
