534 310
537 276
209 276
568 276
1 245
344 208
585 245
626 245
474 217
234 217
514 192
620 192
574 192
481 169
217 169
401 138
346 148
535 169
305 129
253 123
525 120
360 98
401 88
238 95
276 95
17 95
216 80
267 80
150 80
160 80
244 80
425 67
394 67
148 67
362 67
174 80
218 67
23 67
244 67
594 55
238 55
148 55
161 67
450 55
310 55
162 55
230 67
284 55
453 44
160 44
387 44
248 44
313 44
148 44
43 44
197 44
28 44
69 44
215 44
264 44
522 34
595 44
158 31
247 34
327 26
121 29
650 34
27 26
491 34
585 44
206 28
451 34
552 25
107 25
368 34
469 29
143 25
132 25
172 25
538 25
48 25
