192 347
674 310
262 276
547 276
681 276
381 231
189 276
121 276
623 245
458 208
184 245
319 198
231 226
62 217
568 192
259 204
366 192
199 192
84 169
255 142
464 148
393 148
288 162
494 129
550 93
433 93
397 87
520 95
222 95
585 80
515 80
649 80
631 80
491 80
328 67
404 67
526 67
761 67
557 67
338 55
620 55
506 55
432 55
206 67
408 55
633 55
563 55
348 44
641 44
729 44
307 44
331 44
769 44
558 44
654 44
546 44
604 44
669 44
251 44
415 44
209 44
653 26
365 44
505 34
307 34
645 34
736 29
676 28
549 34
276 25
465 25
570 34
247 25
627 25
70 25
690 25
773 25
666 25
639 25
417 25
431 25
