584 387
515 387
549 387
643 387
578 347
526 347
469 347
276 347
411 347
760 310
465 310
649 347
520 310
619 347
295 310
412 310
668 310
540 276
483 276
614 310
410 276
718 276
308 276
482 239
588 276
399 239
176 245
313 245
523 224
619 276
562 245
245 204
449 195
399 198
491 184
176 192
648 169
381 138
464 158
329 120
489 107
447 91
360 84
273 111
226 95
394 95
725 95
416 67
426 67
429 55
361 55
448 55
341 55
432 44
453 44
122 44
362 44
716 34
438 26
107 27
211 44
425 34
560 25
613 25
70 25
452 31
599 25
52 25
277 25
529 25
7 25
355 25
514 25
345 34
629 25
419 25
197 25
300 25
211 25
