133 387
21 387
222 387
77 387
280 347
399 347
153 347
44 347
204 347
179 310
14 310
116 310
149 310
281 310
378 276
218 276
153 276
121 276
136 240
67 231
258 245
109 217
202 245
181 217
91 192
351 169
286 169
159 192
129 148
325 93
287 95
448 80
279 80
139 80
173 67
277 67
287 67
197 67
220 55
271 55
412 55
297 55
311 55
176 55
448 55
434 55
461 55
722 55
387 44
206 44
141 44
464 44
740 44
716 44
411 44
305 44
402 27
145 27
718 28
744 34
290 44
446 44
640 34
449 29
467 30
439 34
430 44
200 31
381 25
242 34
526 25
422 25
503 25
59 25
307 25
