368 310
457 276
358 276
565 276
342 231
425 245
455 217
579 245
373 199
312 176
250 192
408 160
574 173
355 143
532 180
478 153
297 144
239 141
602 158
534 139
744 148
413 91
334 93
461 88
507 115
615 117
202 90
255 86
302 111
359 86
543 88
1 95
157 95
709 107
493 80
129 80
520 80
312 80
562 80
38 80
666 95
143 80
297 80
514 67
317 67
367 67
456 67
205 67
248 67
356 67
220 67
233 67
297 67
170 67
334 67
119 67
139 67
390 67
381 55
400 55
413 67
410 55
465 55
432 55
281 55
323 55
340 55
364 55
213 55
248 55
232 55
299 55
556 67
534 67
498 55
50 67
70 55
555 55
377 44
187 44
44 55
513 55
313 44
71 44
147 44
497 44
357 44
129 55
545 55
263 44
81 44
392 44
343 44
109 34
548 44
508 44
247 44
209 44
302 44
291 44
174 29
405 26
156 34
428 34
270 34
128 25
140 34
39 25
65 25
313 34
353 34
496 34
467 25
524 34
201 25
389 25
