442 310
449 347
558 310
540 276
464 276
445 245
556 217
355 158
417 158
369 92
676 93
492 120
266 86
408 91
640 95
644 80
625 80
551 95
678 67
298 67
318 67
400 67
519 67
668 67
83 67
235 67
661 55
290 55
314 55
714 55
677 55
378 67
261 55
623 55
626 67
516 55
376 55
400 55
265 67
637 67
492 67
648 55
279 44
48 44
58 44
320 44
410 55
628 44
380 44
676 44
520 44
299 44
595 44
104 44
245 44
229 44
333 34
643 28
264 31
233 28
647 44
518 31
382 34
398 44
302 34
544 44
87 34
623 27
592 28
290 25
318 34
530 25
672 25
658 25
52 25
57 34
490 25
223 25
573 25
276 25
678 34
479 25
165 34
244 25
392 25
97 25
310 25
731 25
