149 387
221 387
274 387
318 387
506 387
389 347
268 347
316 347
395 310
215 347
519 347
163 347
112 347
329 310
354 276
395 276
530 276
201 310
498 276
238 276
301 276
145 310
224 239
401 231
268 233
81 245
310 227
622 245
370 245
340 208
404 192
546 200
365 186
623 192
335 169
416 148
292 144
556 148
480 138
366 148
458 111
421 87
341 103
289 80
461 80
575 67
373 67
359 67
267 67
367 55
349 55
326 67
340 44
354 44
370 44
460 44
286 55
81 44
360 28
346 34
523 29
282 44
395 44
456 34
726 29
239 25
378 25
79 25
740 25
188 25
650 25
201 25
691 25
170 25
439 25
678 25
499 25
