112 387
267 387
234 347
194 347
288 347
110 347
482 347
364 347
271 310
307 310
157 347
210 310
508 276
145 276
135 310
178 310
472 276
599 276
252 276
381 310
211 276
293 276
317 245
391 217
227 245
188 224
526 192
361 192
454 141
600 148
398 148
542 148
202 169
596 111
402 88
609 80
722 80
565 80
589 80
702 80
441 67
558 67
590 67
406 67
571 67
351 55
644 55
507 55
721 55
701 55
302 55
588 55
129 55
566 55
168 55
687 44
274 55
717 44
421 44
416 55
548 44
575 44
623 44
337 44
593 34
722 34
171 34
131 28
480 28
150 34
260 34
351 44
613 34
379 25
530 25
561 34
163 25
692 25
424 25
574 25
706 34
620 25
285 25
713 25
296 25
