272 387
382 387
340 347
437 347
79 310
352 310
247 310
253 347
197 276
536 276
295 310
86 221
96 276
394 276
433 276
143 207
347 245
503 198
317 208
203 231
423 217
570 180
229 180
170 162
661 162
87 180
3 169
421 158
692 169
372 151
471 141
321 138
505 148
571 138
237 135
196 138
374 92
441 90
692 129
319 87
192 104
495 111
124 117
253 91
558 100
84 120
601 95
609 111
291 80
594 80
632 80
463 80
345 80
407 80
357 80
798 80
648 80
53 95
309 67
319 67
725 67
707 67
450 67
334 67
356 67
410 67
344 67
714 55
371 67
637 67
296 55
298 67
587 67
312 55
500 67
632 55
685 44
217 55
535 55
619 55
712 44
324 44
271 55
545 44
583 44
513 44
735 34
525 44
665 26
546 27
274 44
688 34
627 25
530 25
702 25
720 34
202 34
303 25
135 25
77 34
291 25
