382 347
617 347
798 347
313 347
215 347
407 310
235 310
502 310
349 310
195 310
297 310
798 310
97 276
533 276
620 310
383 276
425 276
591 276
339 276
298 276
462 276
228 276
146 245
698 245
482 231
420 245
613 245
149 276
449 217
537 217
404 210
126 217
570 245
185 217
479 176
653 217
285 217
688 180
663 153
248 192
736 169
178 169
495 148
416 158
545 169
703 138
756 138
449 148
650 93
621 129
754 87
704 84
523 92
566 87
614 99
424 95
220 95
202 95
428 80
335 80
462 80
676 80
210 80
227 80
242 80
450 67
703 67
542 67
744 67
759 67
430 67
661 67
221 67
251 67
122 80
678 67
720 67
640 67
568 67
627 67
356 55
511 55
522 67
261 55
246 55
669 55
583 67
640 55
703 55
744 55
460 55
462 67
755 55
577 55
334 55
716 55
143 67
689 67
208 55
657 55
433 55
527 44
204 44
673 44
645 44
715 44
697 44
658 44
259 44
431 44
348 44
618 44
582 44
236 44
30 44
118 44
320 44
632 44
379 34
250 30
216 44
638 26
680 31
629 31
116 31
314 29
728 31
229 30
454 44
48 27
212 31
714 29
333 34
702 34
66 44
459 34
7 34
132 34
518 34
36 34
405 29
392 25
504 25
621 25
26 25
667 25
746 25
200 25
263 25
654 25
241 25
525 25
106 25
220 25
13 25
127 25
435 34
304 25
