679 387
605 387
740 387
667 347
465 347
655 310
593 310
591 347
381 310
474 310
685 310
317 310
783 310
591 276
675 276
427 276
622 276
488 276
596 242
705 233
377 276
410 245
492 238
630 231
542 245
430 212
610 204
513 207
464 169
704 190
653 166
740 180
363 217
530 162
406 164
586 158
562 192
682 123
735 141
478 138
549 121
601 91
401 114
494 109
460 94
759 105
390 80
554 80
505 80
408 80
525 80
650 80
565 80
405 67
542 67
465 67
506 67
543 80
516 67
712 80
298 67
544 55
567 67
779 55
461 55
292 55
789 55
304 55
434 67
508 55
526 55
618 55
607 55
220 55
696 67
518 44
544 44
529 44
452 44
301 44
325 44
504 44
731 44
355 44
433 44
594 44
555 44
448 55
437 55
350 27
283 34
300 31
319 30
503 34
564 31
453 29
599 34
524 34
573 25
544 25
489 25
335 28
308 25
648 25
790 25
514 25
36 25
578 34
672 25
659 25
779 25
435 25
