353 310
289 245
366 245
349 204
279 180
540 86
599 107
302 88
272 91
382 120
425 95
659 80
505 67
51 67
631 67
581 67
391 67
109 67
550 67
315 67
35 67
125 80
652 67
134 67
216 67
297 67
488 55
61 55
26 55
643 55
427 55
654 55
95 55
626 55
571 67
273 67
557 55
482 44
29 44
226 44
631 44
404 44
63 44
128 44
88 44
98 44
13 44
650 44
204 44
580 55
73 44
624 34
646 31
204 29
74 34
37 32
294 44
599 34
403 28
43 44
419 44
229 34
571 44
663 29
52 34
483 34
606 25
95 34
422 29
633 25
372 25
81 25
111 34
447 25
278 34
15 34
