342 310
448 310
518 310
425 276
440 235
527 224
143 245
470 192
477 129
212 92
519 87
257 95
371 95
253 80
496 80
142 80
759 80
507 67
691 67
223 67
770 67
148 67
790 67
410 67
383 80
661 67
677 80
757 67
371 67
476 67
222 55
312 55
152 55
596 55
756 55
741 55
248 55
397 55
769 55
380 55
722 55
540 67
710 55
686 55
715 44
166 44
398 44
318 44
652 44
672 44
731 44
767 44
151 44
742 44
702 44
787 55
784 44
591 44
505 55
376 44
508 44
763 29
161 26
377 34
175 28
233 44
657 34
136 28
695 34
731 34
321 34
337 25
597 25
389 25
400 34
149 25
352 25
197 25
113 25
720 25
675 34
786 28
775 25
713 34
579 25
