415 347
313 310
235 310
422 310
342 276
364 245
534 245
585 231
446 245
237 276
321 245
397 217
466 217
536 178
569 155
509 141
486 169
795 148
307 148
570 120
421 148
742 100
796 111
503 111
450 111
611 111
789 80
445 80
713 67
665 67
740 55
471 55
390 55
789 55
619 55
714 55
617 67
585 55
434 44
612 44
747 44
643 44
728 44
700 44
476 44
408 44
451 34
570 27
416 28
608 34
431 34
784 25
758 44
0 34
345 34
595 25
736 34
328 34
618 29
23 28
321 25
390 25
544 25
637 34
555 25
764 25
405 25
158 25
705 25
