338 387
141 310
357 310
456 310
56 276
356 245
398 192
103 217
185 180
474 169
423 142
203 148
237 92
461 95
497 95
268 95
383 95
276 80
678 80
254 80
481 80
758 80
290 80
374 80
512 80
414 80
627 67
242 67
399 67
278 67
489 67
195 67
472 67
181 67
208 55
188 55
376 55
753 55
706 55
740 55
407 55
382 67
265 55
621 55
653 55
643 55
721 55
682 44
474 44
201 44
719 44
247 55
332 44
705 44
190 44
397 44
247 44
635 44
618 44
192 28
704 28
264 44
383 44
750 31
212 31
686 27
357 31
491 44
397 34
202 34
554 34
180 34
657 28
341 25
332 34
162 25
560 25
3 25
221 25
671 25
723 31
632 34
272 34
279 25
383 25
