563 347
547 310
661 276
421 276
614 245
456 217
364 192
431 192
420 148
794 111
405 87
371 90
732 95
751 80
464 67
303 67
191 67
748 67
178 67
471 55
306 55
374 67
734 55
558 55
400 67
379 55
326 55
195 55
762 55
396 55
319 44
767 44
737 44
571 44
194 44
610 44
751 44
374 44
394 44
178 44
630 44
667 44
484 44
428 34
736 27
592 28
195 28
235 30
22 34
770 27
492 26
565 27
795 29
270 27
667 34
576 29
618 26
758 27
651 28
537 28
420 25
436 25
695 25
317 34
331 34
180 28
464 25
170 25
400 34
748 25
603 25
378 34
682 25
634 25
297 25
