462 387
352 310
531 347
456 276
735 245
648 217
152 217
418 160
647 163
747 192
701 148
412 110
365 84
707 90
646 129
650 80
619 80
616 95
400 80
638 95
293 67
365 67
402 67
303 67
167 67
633 67
377 67
566 67
315 55
676 67
305 55
340 55
637 55
393 55
616 55
568 55
710 55
712 67
379 55
327 44
399 44
635 44
556 44
594 44
712 44
167 44
389 44
302 44
376 44
257 44
516 55
295 55
722 44
622 44
519 44
628 27
501 34
397 34
182 28
297 34
638 29
111 34
520 27
719 27
560 27
248 25
354 34
380 31
285 27
360 25
708 34
317 34
509 25
308 25
265 25
105 25
117 25
389 25
739 25
