283 387
234 347
155 347
440 310
209 310
239 310
427 347
347 276
304 276
279 310
453 276
199 276
257 276
460 245
224 207
648 217
526 176
781 180
264 158
658 148
510 129
287 129
614 107
784 103
497 95
752 67
725 67
799 67
582 80
621 67
713 67
752 55
618 55
181 55
407 55
589 55
439 55
396 55
788 55
192 55
594 44
193 44
783 44
618 44
179 44
570 44
746 44
406 44
395 34
141 34
787 31
163 29
585 28
178 27
600 27
799 34
416 34
196 28
550 34
246 34
768 25
380 25
367 25
619 25
208 25
643 25
36 25
749 34
340 25
572 25
427 25
445 25
