431 310
233 310
442 276
233 276
341 276
472 200
418 208
545 217
255 204
330 187
221 163
407 155
496 157
553 156
449 151
269 145
135 148
314 137
193 120
493 88
445 110
360 117
283 88
545 111
625 98
242 95
392 85
336 86
766 111
157 103
71 111
798 95
304 80
587 80
527 80
600 80
451 80
433 80
231 80
545 80
122 95
516 80
98 95
462 80
473 80
798 80
565 80
364 67
291 67
510 67
483 67
594 67
419 67
464 67
496 67
637 67
759 67
462 55
399 55
478 55
668 55
498 55
331 55
680 67
575 55
304 55
256 67
538 67
411 55
633 55
624 67
548 55
273 55
444 55
590 55
659 67
211 67
228 67
424 44
725 44
629 44
482 44
356 44
550 44
522 44
439 44
653 44
715 44
590 44
286 44
429 34
257 44
299 44
458 44
508 44
468 44
644 34
588 34
766 25
661 34
487 34
671 25
466 34
629 25
533 34
456 25
444 31
389 25
567 34
573 25
294 34
508 25
560 25
358 25
