330 276
364 245
452 245
247 217
442 169
378 169
392 92
450 96
534 86
136 87
298 111
174 80
431 80
257 80
503 67
469 67
109 67
180 67
133 67
427 67
399 67
65 67
715 67
564 67
138 55
195 55
118 55
484 55
88 55
409 55
506 55
169 55
536 55
537 67
276 55
420 55
307 67
574 55
553 55
151 55
752 44
503 44
476 44
567 44
425 44
116 44
171 44
211 44
535 44
256 44
403 44
735 44
277 44
715 44
413 44
129 44
160 26
472 34
491 44
499 34
440 27
122 34
176 27
414 28
746 28
562 28
538 31
707 34
486 29
129 25
209 29
513 27
265 25
309 25
319 25
144 25
576 25
280 28
627 25
699 25
524 25
730 25
