400 245
386 217
100 217
467 192
435 192
411 169
382 111
448 91
186 95
222 95
493 95
198 80
376 80
490 80
230 80
228 67
478 67
342 80
347 67
455 67
617 67
223 55
703 55
201 55
367 55
345 55
277 55
154 55
287 44
449 44
472 55
665 44
347 44
150 44
715 44
499 44
556 44
592 44
700 44
543 44
137 55
288 27
154 34
677 26
648 34
714 32
543 34
570 34
345 34
367 31
313 34
607 34
700 34
306 25
427 25
459 25
131 25
179 25
352 25
164 25
504 25
550 25
479 34
413 25
725 34
236 25
576 25
143 25
449 25
325 25
706 25
537 25
695 25
525 25
