518 387
389 347
643 347
533 310
440 310
398 310
679 310
487 276
632 276
548 276
434 276
391 276
591 276
624 214
125 245
576 231
530 235
490 238
56 217
428 235
408 204
695 217
552 200
378 217
480 192
160 184
620 153
561 169
720 192
700 169
466 124
419 138
663 148
570 93
229 91
416 91
686 111
391 111
162 111
509 95
55 80
555 80
720 80
604 95
703 80
94 80
690 80
79 80
508 80
442 80
68 80
564 67
536 67
359 67
452 67
703 67
127 67
727 67
204 67
354 55
372 55
528 55
244 55
560 55
482 55
546 55
518 55
263 55
798 55
68 55
69 67
94 55
585 55
58 67
733 55
424 55
507 67
462 55
363 44
506 44
253 44
340 44
297 44
485 44
80 44
692 44
426 44
121 44
56 44
449 44
719 44
746 44
570 44
702 44
703 55
591 44
604 55
500 34
131 34
561 34
385 34
61 26
361 29
183 27
302 29
451 34
748 34
119 34
479 31
170 27
152 34
490 25
349 31
431 31
80 25
725 25
692 25
704 25
737 34
587 26
526 25
774 34
393 25
335 25
