664 387
126 387
597 387
218 347
542 347
606 347
125 347
536 310
125 310
482 310
428 310
213 310
177 347
624 310
545 276
610 276
216 276
116 276
487 216
564 236
364 245
446 241
333 245
425 276
496 276
680 276
279 245
606 235
1 245
227 224
652 204
520 202
201 195
413 208
451 187
703 175
509 174
347 192
260 180
318 162
408 158
585 176
215 164
638 169
479 158
248 138
446 148
503 135
349 135
170 120
541 169
308 117
400 87
609 129
532 103
572 105
358 90
274 86
233 93
17 95
441 111
216 80
167 80
148 80
504 80
460 80
222 67
273 67
438 67
242 67
312 67
489 67
23 67
578 67
258 55
428 67
189 55
388 55
390 67
594 55
366 55
156 55
246 55
379 67
498 55
449 55
145 55
161 67
580 55
666 67
171 55
284 55
240 44
454 44
436 55
147 44
160 44
172 44
132 44
187 44
554 44
390 44
253 44
313 44
43 44
331 44
199 44
537 44
25 44
69 44
286 44
468 44
247 34
264 44
519 29
595 44
368 29
205 26
44 34
171 28
124 30
323 27
492 34
492 44
156 28
349 34
466 34
649 29
441 44
585 44
441 25
452 34
426 25
222 25
536 28
272 25
550 25
308 34
24 25
107 25
293 25
255 25
145 25
35 25
341 25
385 25
505 25
