315 310
97 231
567 198
128 192
346 192
558 158
87 192
629 148
88 148
345 135
599 148
552 93
295 129
396 93
631 111
360 92
11 95
132 95
230 80
485 80
5 80
284 80
258 80
583 80
724 95
484 67
276 67
363 67
739 67
554 67
472 67
499 55
647 67
350 67
475 55
220 55
394 55
133 55
717 55
373 55
165 55
243 55
258 55
647 55
35 55
459 44
250 44
120 44
17 44
741 44
374 44
581 44
402 44
499 44
296 44
167 44
199 44
712 44
484 44
476 34
408 27
442 26
709 34
666 31
305 34
494 34
367 34
118 27
238 44
277 29
183 34
202 31
239 34
640 26
720 29
261 28
229 27
520 28
383 25
174 25
340 25
484 25
192 25
360 25
655 25
14 25
741 25
321 29
150 29
582 25
38 25
686 25
456 25
24 25
