285 310
365 245
447 245
355 192
381 142
328 148
427 138
267 148
544 148
310 88
267 91
593 111
544 95
534 95
432 95
553 80
482 80
221 95
331 80
204 80
471 80
510 67
298 67
533 67
211 67
472 67
230 67
485 67
461 67
416 67
201 67
498 55
352 55
313 55
618 55
468 55
486 55
290 55
541 55
400 67
234 55
414 55
283 67
501 44
479 44
613 44
465 44
240 44
258 44
279 44
798 44
455 29
227 44
563 27
258 26
229 27
44 34
474 26
517 25
597 25
492 27
209 25
615 25
638 25
331 25
574 34
93 34
548 29
422 34
779 25
427 25
796 25
