519 347
399 347
360 347
517 310
527 276
395 276
395 310
633 276
256 276
598 276
562 238
606 233
267 231
413 245
724 217
582 208
527 217
647 206
668 245
688 217
450 184
764 192
205 180
607 176
476 169
559 156
152 169
357 192
631 148
589 140
439 141
303 125
219 148
359 148
519 133
484 102
250 120
683 129
551 105
599 91
631 103
418 92
189 103
378 111
0 111
86 111
312 95
233 95
162 80
340 80
311 80
241 80
327 95
231 80
251 80
321 80
59 80
38 67
266 67
653 80
576 67
285 67
224 67
316 67
428 67
213 55
323 55
606 67
583 55
156 55
53 55
169 55
42 44
227 44
198 44
436 55
217 44
202 28
69 44
85 34
178 28
336 31
276 25
349 25
216 25
287 25
328 25
226 34
35 34
74 25
596 25
296 34
447 25
100 25
239 25
304 25
689 25
705 25
