467 387
744 276
452 276
363 245
641 245
444 217
702 204
621 192
325 169
368 151
597 158
558 123
306 87
382 111
520 95
517 80
561 80
549 80
120 80
527 80
154 80
400 80
431 80
36 80
46 80
279 80
597 80
467 80
528 67
553 67
388 67
309 67
604 67
165 67
533 55
420 55
604 55
80 55
590 55
414 67
555 55
176 55
50 55
401 55
152 55
95 55
113 44
148 44
306 55
83 44
184 44
467 44
612 44
591 44
601 44
239 44
417 44
404 44
537 44
579 34
97 27
85 28
135 31
594 28
415 28
307 44
605 29
245 31
614 34
467 34
111 28
68 34
458 25
537 34
147 25
573 25
792 25
233 31
634 25
443 25
124 25
400 25
