338 310
438 276
673 276
354 235
331 192
637 192
413 138
622 148
789 93
363 129
247 93
713 85
412 86
289 95
358 95
272 80
283 80
371 80
761 80
435 80
711 67
456 67
290 67
694 67
741 67
170 67
159 67
793 67
374 67
457 55
423 67
311 55
259 67
678 55
698 55
399 55
400 67
296 55
181 55
368 55
749 55
443 55
170 55
319 44
652 44
668 44
709 44
396 44
147 44
346 44
254 44
692 44
179 44
242 44
789 44
283 44
633 44
680 34
570 29
722 44
707 28
176 26
777 34
624 34
151 26
254 26
350 34
558 25
790 25
339 25
672 25
662 25
614 25
645 25
109 25
508 25
695 25
548 25
629 25
361 25
302 25
292 25
584 25
721 25
379 25
