515 347
356 276
444 231
647 192
367 217
469 192
380 169
162 192
85 192
440 169
430 117
7 92
386 87
552 91
95 87
50 111
510 95
68 80
517 80
420 80
505 80
343 67
85 67
542 67
519 67
495 67
434 67
629 67
105 67
618 67
95 67
646 67
343 55
208 55
121 55
498 55
487 55
103 55
139 55
83 55
72 67
426 55
401 55
648 55
11 55
57 67
147 44
117 44
499 44
484 44
344 44
131 44
356 44
641 44
652 44
451 44
98 44
515 44
545 44
77 44
621 44
418 44
165 44
126 27
223 27
93 28
642 25
247 29
184 27
546 29
624 26
147 34
142 25
448 34
423 34
154 25
689 25
83 25
4 25
104 25
237 25
714 25
559 25
348 34
356 25
330 25
