381 347
319 310
255 310
670 347
635 310
390 310
389 276
392 245
164 245
134 276
290 276
274 245
494 245
471 208
184 217
146 217
798 217
392 178
245 217
225 169
452 169
258 148
81 138
135 169
411 106
703 148
194 148
78 91
464 111
537 95
375 80
602 80
728 80
459 80
555 80
427 80
613 80
331 67
746 67
566 67
371 67
358 67
583 67
567 80
458 67
429 67
471 67
166 80
63 67
121 80
364 55
529 55
540 67
469 55
588 55
557 55
710 55
449 55
77 55
539 55
501 55
215 67
430 55
253 55
609 55
640 55
67 55
511 44
622 44
82 44
558 44
341 44
334 55
577 55
606 44
445 44
540 44
499 44
428 44
370 44
589 44
510 29
496 27
379 28
357 44
567 28
729 44
553 26
62 44
712 44
609 27
94 34
450 29
118 34
277 34
537 26
434 29
642 34
154 29
139 34
486 34
475 44
256 27
601 34
712 34
522 25
368 25
363 34
326 25
230 25
102 25
73 27
658 25
393 25
169 25
128 25
626 25
186 25
462 25
309 25
480 25
289 25
588 25
