481 192
244 148
658 120
196 94
263 105
459 111
147 84
599 95
604 111
98 95
76 95
118 95
83 80
229 95
94 80
53 80
296 80
112 80
63 80
20 80
284 80
526 80
597 67
612 80
168 67
592 80
34 67
307 67
95 67
147 67
116 67
120 55
135 67
343 55
597 55
88 55
575 55
270 55
44 67
326 55
245 55
170 55
430 55
107 55
78 67
311 55
372 55
223 55
198 67
286 55
526 55
570 44
312 44
246 44
272 44
172 44
370 44
487 44
656 44
596 44
283 44
125 44
112 44
358 44
97 44
30 55
75 55
133 55
156 44
19 44
83 44
54 55
334 44
200 44
442 44
139 44
127 31
277 34
484 27
98 34
437 29
550 28
340 29
575 34
319 30
471 28
21 27
239 34
147 34
359 34
370 34
322 44
291 34
508 26
612 34
113 28
228 28
235 44
657 34
309 27
678 25
599 25
56 34
286 25
421 25
396 25
328 25
259 25
533 25
644 25
626 25
215 25
199 25
459 25
