597 387
549 387
694 387
572 347
304 347
435 347
538 310
628 347
685 347
725 347
317 310
519 347
487 310
639 310
681 310
200 276
418 276
503 276
606 310
428 310
328 276
664 276
541 276
583 276
497 245
408 217
639 245
565 245
597 245
197 158
257 158
442 192
474 192
574 192
528 192
394 135
347 148
560 148
243 123
603 129
206 91
369 92
643 100
410 95
390 80
77 95
236 80
401 80
248 80
98 67
242 67
205 67
78 67
382 67
215 67
155 55
449 55
497 55
85 55
232 55
207 55
627 67
108 55
632 55
459 44
118 44
79 44
625 44
502 44
106 31
178 29
77 34
220 44
500 29
360 29
91 27
256 34
669 34
420 25
431 34
221 25
640 27
521 25
315 25
228 34
511 25
627 25
