627 387
144 387
575 387
674 387
365 347
220 347
575 347
173 347
638 347
202 310
284 310
91 310
242 310
165 310
317 310
678 310
610 310
614 276
297 276
231 276
195 276
559 276
372 276
335 276
683 276
107 245
431 245
235 240
185 245
377 224
300 233
522 226
463 245
568 235
622 231
119 276
25 245
151 217
338 209
263 200
601 191
218 207
56 217
96 183
317 183
462 183
374 173
568 192
199 180
542 169
231 153
599 135
154 158
454 148
396 138
334 148
496 148
268 117
284 148
557 93
61 129
618 110
393 88
434 88
321 111
223 91
520 95
314 80
585 80
515 80
543 80
652 80
343 80
628 80
489 80
639 80
356 80
536 67
302 67
402 67
644 67
220 67
557 67
761 67
523 67
574 67
437 67
625 67
240 67
338 55
350 55
509 55
771 55
435 55
488 55
206 67
408 55
282 55
623 55
647 55
412 67
547 55
233 55
363 55
348 44
246 44
642 44
729 44
307 44
559 44
377 55
769 44
413 44
486 44
652 44
539 44
510 44
613 44
297 44
756 44
669 44
598 44
285 44
333 44
465 26
582 26
207 44
637 31
652 27
627 27
749 27
765 29
149 44
307 34
670 27
451 29
737 28
298 29
533 34
372 25
347 34
504 25
527 25
328 25
428 25
149 25
246 27
491 34
70 25
690 25
775 25
413 25
567 34
407 34
596 25
619 34
514 25
282 25
