409 387
279 347
398 347
544 310
282 310
405 310
404 276
154 276
205 276
543 276
306 276
624 245
235 245
536 235
276 231
201 231
366 276
158 212
158 245
345 206
523 200
110 217
603 192
217 204
664 192
519 158
82 192
321 158
575 169
207 151
159 155
366 138
276 141
440 148
739 148
521 123
312 101
209 93
255 107
64 129
368 104
606 111
475 88
420 111
643 129
718 111
111 111
799 111
563 95
388 80
567 80
421 80
555 80
588 80
335 80
545 80
771 80
447 80
751 80
683 67
751 67
534 67
491 67
515 67
604 55
498 55
590 55
477 67
435 67
376 67
314 55
476 55
209 67
532 55
574 55
651 55
742 55
766 55
679 55
454 55
608 44
227 55
486 44
726 55
568 26
628 34
713 34
619 44
595 34
202 34
571 44
526 34
584 25
450 25
706 25
732 34
798 25
554 25
606 25
772 34
494 25
619 25
537 25
112 25
