120 276
167 169
748 148
220 148
467 129
643 91
154 120
79 109
694 129
180 103
27 91
123 95
106 80
607 80
141 80
66 80
692 80
430 67
313 67
48 67
86 67
284 67
300 67
326 67
271 67
147 67
260 55
645 67
293 55
306 55
18 67
63 55
135 55
123 67
78 55
115 55
332 55
368 55
280 55
579 44
309 44
264 44
280 44
492 44
299 44
51 55
82 44
642 44
595 44
369 44
43 44
632 44
755 44
439 44
31 44
242 44
144 44
605 44
386 44
124 44
454 44
556 44
128 31
395 34
239 31
444 34
308 34
487 27
608 34
633 28
753 29
79 34
65 44
331 28
335 44
139 26
226 28
460 34
369 27
118 28
200 25
401 25
283 25
314 25
521 25
255 34
352 25
295 25
501 25
70 25
647 25
108 25
743 25
563 25
248 25
601 25
591 34
419 25
271 34
95 25
19 25
