374 387
66 387
213 387
151 387
113 347
205 347
182 310
217 310
246 347
671 310
493 347
241 276
139 310
478 276
735 245
381 245
162 276
157 231
666 228
480 217
244 245
400 217
720 217
186 198
239 156
636 192
411 158
694 169
364 169
103 169
656 129
611 148
246 111
420 91
342 111
460 95
717 95
751 95
733 95
541 95
687 95
323 80
558 80
544 80
678 80
697 80
16 80
354 67
674 67
540 67
325 67
720 80
737 80
433 67
725 67
534 55
415 67
452 55
689 55
550 55
635 55
383 55
704 55
706 67
365 44
356 55
679 44
721 44
332 55
346 55
386 44
743 44
740 55
700 44
421 55
351 34
365 28
396 28
712 34
616 34
112 34
699 28
539 44
731 34
241 34
425 34
382 25
721 25
759 25
738 25
12 25
152 25
188 25
542 25
450 34
431 25
246 25
746 34
258 25
305 25
665 25
31 25
682 25
