349 347
106 310
260 310
327 231
186 245
437 192
382 169
439 148
400 89
428 91
328 95
515 80
47 80
342 67
42 67
623 67
56 67
433 67
328 55
515 55
64 55
232 55
242 55
184 55
605 55
393 67
430 55
408 55
623 55
41 55
405 67
395 55
135 55
51 55
232 44
242 44
53 44
38 44
421 44
562 44
607 44
66 44
316 44
624 44
193 44
481 44
61 28
204 34
565 31
783 27
404 44
33 26
139 31
522 34
170 44
222 28
603 29
185 27
239 27
532 26
71 34
311 25
193 34
627 28
378 25
211 25
368 25
486 29
615 25
5 25
262 25
153 25
46 25
333 25
199 25
86 25
