457 387
381 387
422 347
705 310
463 347
555 347
447 310
374 276
263 276
418 276
753 276
693 226
683 276
728 245
593 231
483 226
369 217
452 245
298 208
123 217
641 186
481 186
681 186
569 186
442 204
773 192
610 155
543 151
229 158
715 162
374 163
748 169
432 146
308 163
477 136
128 138
348 93
558 124
233 115
181 120
605 105
427 93
475 88
666 111
297 91
714 111
535 95
566 95
200 95
256 95
206 80
507 80
196 80
548 80
123 95
448 80
327 80
257 80
149 80
76 80
494 67
480 67
175 67
135 80
256 67
510 67
548 67
488 55
83 55
579 67
631 67
504 55
307 67
215 55
442 67
167 55
78 44
482 44
109 44
64 55
236 55
133 34
259 31
163 34
233 34
89 44
55 34
217 34
83 25
484 34
142 25
496 25
375 25
469 34
127 25
176 25
241 25
699 25
270 25
226 25
