665 387
581 387
555 347
604 347
544 310
598 310
649 310
717 347
549 276
303 310
61 245
143 238
637 276
319 217
526 245
578 238
395 217
81 204
544 192
660 217
496 217
353 192
98 176
158 186
630 192
563 155
384 148
122 143
555 111
469 91
257 111
93 85
375 95
780 80
69 80
241 80
348 80
124 80
381 80
258 80
214 80
443 67
122 67
267 67
110 67
136 67
69 67
374 67
78 55
113 55
476 67
348 55
253 67
88 67
261 55
249 55
781 67
94 55
418 55
143 55
438 44
451 55
120 44
78 44
413 44
96 44
237 55
784 55
56 44
66 44
430 27
460 44
397 31
506 29
441 28
413 26
98 28
178 34
160 44
114 26
649 26
67 26
556 29
779 29
452 25
701 25
85 25
494 25
351 34
483 25
47 29
