423 387
108 387
297 347
146 347
498 347
447 347
396 310
511 310
682 310
444 310
549 310
237 310
651 310
262 276
371 276
405 276
176 310
482 276
306 276
592 276
679 224
640 276
228 245
372 245
182 245
680 276
408 245
487 245
289 245
335 210
263 207
391 217
617 217
103 192
129 176
160 208
512 217
669 192
322 156
618 169
278 169
449 192
363 192
131 143
388 169
550 148
90 141
46 87
187 114
264 92
128 92
95 85
674 111
232 95
376 95
578 95
372 80
586 80
336 80
559 80
237 80
214 80
155 80
465 67
95 67
589 67
257 67
578 67
368 67
549 67
119 67
337 67
165 67
228 67
466 55
441 55
283 55
274 67
544 55
94 55
127 55
222 55
42 55
154 55
52 67
58 55
578 55
564 67
357 55
588 55
554 55
340 55
170 55
80 55
298 44
365 44
98 44
113 44
541 44
587 44
125 44
728 55
139 44
566 44
157 44
481 44
679 44
280 44
764 44
506 44
284 34
117 34
346 44
587 31
540 30
156 27
55 26
551 29
57 44
553 44
343 31
569 28
370 34
775 29
169 30
88 29
460 28
688 32
128 34
309 25
295 25
596 25
405 25
668 25
752 25
477 25
531 25
74 25
379 25
785 25
764 34
390 25
263 25
490 25
