459 356
327 391
566 391
529 391
346 340
449 316
353 293
737 241
369 233
714 227
453 242
475 210
748 203
426 198
711 186
646 177
458 181
670 181
415 165
707 159
166 181
130 165
645 141
437 136
712 128
368 150
408 127
633 114
376 114
706 106
405 102
486 123
639 81
367 93
771 98
255 110
619 98
685 86
343 80
402 79
496 98
715 81
375 77
284 75
176 67
303 75
563 67
334 65
366 61
712 61
396 56
380 58
615 60
600 60
314 52
691 55
636 58
508 65
557 48
169 50
261 48
571 49
643 40
299 41
324 31
763 46
719 41
405 46
178 34
518 40
389 37
625 32
107 31
561 33
595 33
254 33
267 32
707 37
374 33
191 33
280 37
638 29
299 29
503 29
725 29
165 29
3 29
426 29
357 29
773 29
755 29
