619 407
490 405
541 408
709 401
417 405
671 373
570 377
512 371
289 391
601 350
470 355
548 331
412 352
99 391
1 365
645 334
708 352
499 325
761 308
529 302
407 300
165 300
453 308
617 304
370 316
300 304
574 293
495 274
716 260
534 264
463 264
395 265
309 266
424 258
338 258
265 258
209 262
493 243
615 272
744 252
569 242
356 227
451 227
405 226
532 233
188 219
317 221
143 252
714 233
683 215
257 227
489 209
434 204
253 192
385 198
738 200
463 192
428 181
193 189
566 198
510 181
464 160
520 157
317 165
640 165
624 150
767 150
244 146
178 165
483 134
375 129
322 129
353 116
614 123
339 105
231 107
453 102
762 123
379 104
489 110
424 110
527 98
283 98
713 86
373 78
394 86
443 82
480 86
333 82
513 80
527 70
422 59
582 75
333 65
226 70
439 60
525 52
507 65
361 50
433 42
212 46
121 41
455 40
303 46
54 46
716 41
69 32
527 37
191 37
386 37
395 46
360 33
419 29
441 30
615 29
344 29
599 29
106 29
122 29
211 29
726 29
