541 408
699 400
597 404
653 402
490 409
758 391
315 391
624 375
707 356
579 352
508 365
433 378
737 340
678 332
598 283
546 307
656 304
506 305
313 300
496 273
420 282
196 293
548 264
289 272
328 262
644 272
1 293
587 252
410 252
198 252
450 225
369 242
234 252
489 229
272 233
695 233
722 215
400 215
616 233
551 215
650 224
301 233
527 224
366 215
265 189
401 181
209 181
272 162
342 181
576 157
626 150
510 165
343 131
203 150
412 147
660 150
156 165
485 165
603 129
395 126
526 123
248 136
204 123
651 123
641 102
210 98
389 92
242 89
420 98
161 86
202 84
531 86
436 80
641 86
77 98
474 75
402 75
505 75
235 68
83 75
104 70
352 70
382 70
666 75
447 52
211 61
629 63
544 75
99 52
228 52
499 50
163 50
239 41
206 46
80 41
110 41
670 52
646 55
383 55
358 46
635 32
417 55
294 55
467 46
433 41
509 33
96 33
178 31
671 31
292 37
226 33
255 37
443 29
71 29
360 29
205 29
311 29
751 29
539 29
