52 382
0 419
380 391
643 402
96 376
710 346
533 378
623 360
452 356
334 391
663 346
579 356
121 333
533 324
730 316
656 308
462 316
261 316
578 293
62 287
486 272
697 293
305 272
97 272
441 272
761 272
670 272
153 224
521 225
483 224
402 233
199 252
98 233
547 215
477 189
588 189
523 193
166 198
569 173
594 160
536 153
247 140
402 145
561 143
267 136
470 145
423 129
574 121
284 123
546 123
223 123
592 110
470 110
425 104
303 110
566 85
238 110
549 98
360 95
479 76
515 98
289 98
321 92
434 86
443 98
642 86
243 80
450 72
753 86
469 58
533 70
648 60
338 75
254 60
450 50
295 65
551 55
498 43
482 50
659 46
464 31
423 46
549 29
511 33
201 29
595 29
651 29
479 29
445 29
