567 419
450 370
703 391
336 378
609 391
497 365
556 365
448 309
650 340
556 288
518 316
471 273
336 316
595 316
351 272
422 262
491 252
540 252
466 224
550 215
484 203
420 206
106 198
734 183
174 198
712 157
496 173
414 160
361 160
746 150
353 136
549 136
704 129
388 123
417 136
655 116
622 123
369 102
332 110
670 102
693 110
259 101
407 104
503 113
639 90
710 92
680 83
349 86
402 80
264 77
93 98
376 74
508 89
288 72
304 70
647 67
625 71
516 67
328 68
667 62
681 59
97 70
314 56
725 65
83 65
408 59
291 55
379 53
257 52
543 65
622 50
244 52
665 41
305 36
52 34
323 40
395 46
592 33
539 46
519 44
230 33
67 46
271 31
684 37
635 31
358 34
243 35
85 40
379 35
96 34
623 33
534 29
660 29
167 29
724 37
522 29
674 29
392 29
