218 407
315 401
257 387
434 419
360 395
392 378
433 365
317 355
46 352
276 350
328 320
377 322
89 297
438 304
174 304
680 304
536 300
270 304
233 328
358 287
630 304
388 277
192 272
299 272
94 262
262 265
58 262
532 262
121 240
386 244
694 242
429 252
79 227
280 233
10 233
48 219
323 224
144 204
560 206
497 206
667 215
425 215
112 206
527 215
64 189
593 198
371 215
455 215
480 189
155 177
238 171
104 173
522 176
491 169
318 175
714 170
400 169
422 169
647 189
552 173
347 162
3 181
25 198
194 173
572 165
77 153
381 156
200 143
241 140
524 144
33 144
140 147
270 145
677 150
633 150
594 150
484 145
431 145
113 143
700 147
178 143
458 132
337 132
372 134
401 130
563 129
218 126
308 127
513 126
736 136
433 114
240 118
588 123
192 118
45 123
696 116
631 123
124 118
99 127
665 114
161 118
755 129
386 104
76 123
264 116
356 115
342 104
541 116
491 102
604 104
138 106
525 101
424 94
322 86
574 94
649 94
196 92
232 95
448 87
738 98
595 81
290 81
132 86
114 98
99 86
400 82
341 81
358 89
547 82
378 76
504 78
470 80
160 80
270 86
528 80
658 80
620 71
39 98
582 71
232 75
247 75
307 67
718 70
354 70
799 75
545 60
495 57
287 51
454 60
331 65
472 65
406 65
377 60
635 60
675 50
175 65
557 46
529 46
715 50
737 55
641 46
514 50
659 33
412 33
317 34
598 46
689 37
544 31
38 37
723 29
523 29
704 29
593 29
113 29
646 29
572 29
