474 391
188 391
352 308
455 340
265 340
449 262
321 293
283 293
355 252
71 252
452 233
72 207
369 209
105 206
336 198
204 198
411 173
641 198
378 181
117 175
94 173
391 144
111 143
336 165
431 143
646 150
374 123
339 136
199 123
100 117
430 123
391 99
117 101
156 98
320 98
234 92
99 92
178 92
128 82
204 80
521 78
434 80
399 80
415 69
449 75
101 68
178 71
305 86
248 71
202 59
513 57
430 60
167 60
323 65
395 51
65 75
492 58
474 50
138 65
28 49
105 53
294 58
421 48
228 50
487 31
171 43
284 34
197 38
626 35
185 49
536 32
52 39
253 41
182 31
417 33
300 37
789 31
97 35
681 37
233 33
32 33
778 37
168 29
253 29
85 29
374 29
404 29
609 29
510 29
214 29
