395 391
230 340
345 316
276 304
205 298
417 293
261 259
304 262
487 262
580 252
394 252
200 247
495 227
301 224
379 208
242 233
581 210
307 192
516 192
334 186
413 157
267 189
556 189
574 165
507 157
283 157
343 150
552 135
444 140
319 146
269 136
643 129
365 136
395 127
225 131
243 129
460 123
505 123
291 136
640 104
257 110
310 110
522 106
378 116
343 94
502 98
293 98
388 95
232 110
447 110
423 110
247 78
537 86
606 75
369 65
637 65
511 75
445 61
281 55
497 46
354 46
402 37
53 33
74 30
328 46
256 46
445 37
200 29
498 29
