337 365
465 340
288 365
524 316
286 316
183 328
356 293
576 279
448 293
375 258
419 272
800 272
605 262
708 272
272 231
322 245
445 224
219 215
371 224
337 206
594 233
484 215
259 181
197 198
323 181
798 165
196 157
421 165
229 165
370 153
270 143
322 150
241 143
537 150
428 138
638 136
374 126
194 136
309 126
541 123
595 129
275 116
564 123
430 116
315 104
636 110
493 110
546 95
520 92
218 94
385 110
433 92
269 95
799 98
540 79
566 80
300 81
277 78
489 80
699 80
323 80
557 61
473 71
258 75
231 70
205 73
507 75
420 70
438 70
307 65
487 58
532 62
283 57
683 65
398 65
635 65
471 50
257 55
596 50
88 55
219 51
486 43
622 50
295 39
134 50
459 43
573 46
608 41
800 46
496 31
470 31
446 33
420 46
596 34
264 31
248 33
87 37
228 30
367 29
786 29
564 29
202 29
126 29
518 29
540 37
277 29
