458 378
336 365
5 340
123 340
403 293
365 262
463 262
312 272
393 240
63 252
352 233
436 233
307 233
487 233
113 233
465 215
784 215
387 209
145 198
318 198
341 198
440 198
365 198
410 181
386 181
670 136
487 129
330 129
383 129
426 123
366 110
332 110
576 110
445 123
487 104
345 83
311 86
449 98
492 79
629 86
372 76
554 86
613 75
468 70
369 61
345 59
573 60
256 65
273 51
470 50
379 49
750 55
495 55
290 42
347 37
586 46
732 34
627 40
267 35
261 46
301 33
744 33
566 46
549 31
98 37
600 46
46 30
367 37
620 29
759 29
401 29
582 29
