196 419
254 405
296 400
340 352
456 340
250 340
350 293
442 293
348 258
666 245
71 234
446 233
147 242
49 215
320 198
101 198
84 170
149 181
117 173
348 181
389 175
103 155
374 153
85 145
126 150
370 133
153 143
328 150
429 118
84 119
392 113
311 114
177 110
293 110
156 118
107 110
150 98
392 94
429 93
87 92
170 86
396 77
423 71
154 70
517 70
447 75
533 75
86 68
494 67
621 68
204 67
233 70
434 60
163 59
392 52
66 75
483 50
96 52
464 50
412 49
230 55
627 52
180 55
498 43
508 55
156 43
304 55
78 41
244 43
538 32
290 55
473 32
172 34
63 31
417 37
278 34
203 37
241 30
693 32
186 37
615 33
96 37
440 41
629 35
159 29
291 29
506 29
487 33
80 29
402 29
433 29
797 29
520 29
28 29
