168 406
86 409
127 380
633 387
215 401
538 419
244 378
494 369
549 354
183 355
587 351
734 391
699 335
627 336
41 391
782 391
94 365
516 318
214 322
474 308
574 305
187 298
427 304
120 304
158 308
623 282
528 284
668 289
491 272
67 316
218 282
258 293
711 272
384 282
571 262
443 263
197 257
649 267
169 260
742 272
329 262
127 272
687 252
508 239
545 239
220 227
266 242
1 252
666 233
347 224
744 221
154 233
464 224
575 225
490 220
420 224
185 209
247 212
728 193
523 208
553 202
280 203
626 224
387 215
773 215
683 182
341 189
207 190
451 182
410 198
490 192
654 198
532 177
715 173
568 173
628 175
248 174
503 168
745 165
215 161
419 157
651 156
187 159
346 159
703 155
397 157
140 165
308 144
480 153
450 151
591 150
248 145
726 143
335 139
766 143
554 133
531 129
356 123
408 128
173 129
292 125
687 136
199 132
586 117
254 118
391 115
229 116
731 118
468 119
141 123
323 106
503 129
527 110
568 104
434 116
788 116
29 110
709 104
359 98
504 98
547 94
281 98
578 90
178 90
195 110
404 92
109 110
245 92
385 89
152 90
660 92
235 74
267 77
314 80
439 86
364 77
690 86
419 75
217 70
386 73
157 69
529 75
491 70
650 75
570 70
186 57
200 65
363 61
469 65
399 60
275 63
314 61
552 75
517 65
441 60
25 60
161 53
292 50
579 55
246 51
261 60
498 55
532 52
453 46
193 41
274 32
29 41
42 46
420 52
127 36
662 55
371 48
389 50
555 46
566 55
70 46
327 41
433 41
172 37
517 31
153 31
210 32
392 33
584 33
595 46
299 36
648 34
544 37
501 33
245 29
326 29
342 29
22 29
58 29
729 33
46 29
469 29
442 29
233 29
368 29
71 29
