272 419
405 409
495 412
45 419
772 419
789 373
706 378
409 365
118 371
274 365
459 358
746 328
162 365
500 365
377 300
695 340
234 340
304 340
456 308
725 286
695 282
624 293
489 284
344 316
416 260
354 262
670 260
772 257
460 260
308 257
496 247
261 236
544 244
609 221
333 226
655 233
691 224
760 227
424 233
510 217
289 215
628 198
775 206
468 215
518 183
755 189
540 215
679 193
707 189
351 198
319 181
591 181
416 181
644 160
365 157
715 160
275 181
564 165
772 159
299 146
668 165
432 143
740 165
249 150
382 131
583 136
446 123
782 136
716 123
403 110
599 110
250 123
619 123
258 98
417 98
517 98
231 75
362 86
204 60
622 46
319 55
192 46
525 34
478 46
415 35
392 31
204 37
727 31
658 31
214 46
511 29
428 29
454 29
181 29
168 29
697 29
145 29
130 29
676 29
