166 394
216 378
682 391
284 365
366 329
502 356
599 365
710 365
554 365
442 340
250 322
535 304
488 302
607 308
320 286
658 304
494 262
395 262
457 272
579 252
317 247
463 239
411 225
425 202
339 210
369 203
545 206
583 206
301 203
452 215
165 233
611 198
321 185
121 170
439 177
342 169
401 169
371 173
494 181
293 170
544 170
514 160
637 165
598 165
462 150
389 141
317 161
347 142
292 131
567 165
500 145
429 139
128 150
147 136
485 129
407 116
373 126
526 136
589 136
336 114
442 115
515 112
615 117
539 111
312 105
464 104
499 104
367 104
328 90
557 98
513 92
621 95
352 94
383 98
435 89
576 98
371 70
395 78
681 98
459 86
647 76
491 75
520 67
544 75
390 61
323 65
445 65
606 63
430 65
634 55
405 55
653 52
505 46
355 46
382 46
599 46
232 32
395 37
365 29
445 33
647 37
137 29
305 29
757 29
