438 407
523 401
479 399
578 407
359 378
409 356
490 355
443 355
642 391
556 352
511 324
630 324
744 324
707 290
422 306
468 296
125 304
609 286
362 293
270 286
170 316
512 281
666 293
409 272
466 263
88 272
768 258
731 256
681 247
276 252
331 239
719 222
127 222
506 242
647 206
402 233
237 204
434 233
296 209
272 215
370 206
783 215
690 201
479 209
84 233
569 189
154 182
120 198
627 170
316 173
96 181
381 169
270 174
653 171
480 181
738 186
699 171
407 170
676 169
528 173
429 167
506 181
558 159
230 160
450 156
291 157
749 156
59 157
777 157
171 155
615 147
422 144
662 144
357 132
270 150
101 150
476 143
693 143
522 127
646 131
584 127
400 129
721 150
80 136
558 130
229 129
451 131
312 133
761 129
675 129
285 129
422 118
477 118
451 108
606 123
211 123
32 136
162 116
377 114
131 123
495 102
721 123
541 104
186 123
401 104
99 123
665 106
348 103
565 104
239 106
298 101
372 95
747 110
437 89
708 110
206 84
595 89
477 82
262 110
645 92
159 92
512 92
459 78
396 80
558 74
340 81
256 83
300 80
140 82
65 80
496 74
664 86
686 86
423 75
172 70
156 75
256 63
446 68
0 75
85 71
487 58
214 65
579 65
347 61
169 55
67 65
641 65
696 55
242 46
114 40
182 49
293 55
507 55
366 55
481 43
575 44
69 33
87 46
227 33
147 31
396 33
270 41
263 30
481 29
50 37
167 37
695 29
82 29
199 29
