352 394
706 407
277 401
789 398
511 405
655 397
598 386
447 398
736 371
464 360
691 358
390 350
245 352
310 365
506 340
788 328
326 311
656 305
751 302
702 304
414 306
474 299
618 328
366 302
541 328
602 290
526 287
438 280
649 260
751 264
594 259
499 262
398 260
696 263
462 256
328 272
546 257
351 242
624 240
736 217
789 252
457 226
590 222
560 219
525 221
700 224
671 220
484 228
413 216
630 212
760 203
373 209
695 191
604 182
465 190
513 183
559 191
656 186
787 189
741 173
410 168
533 167
700 163
383 171
642 169
581 170
765 169
472 156
446 155
508 157
638 147
675 143
389 147
594 140
536 144
664 165
413 139
731 146
560 143
623 131
659 131
751 132
498 128
697 130
465 132
798 136
442 129
777 150
640 116
604 117
419 109
586 115
553 120
444 108
483 104
767 110
706 101
398 102
570 102
736 110
679 105
507 104
533 104
620 98
594 91
255 98
552 92
463 98
796 98
425 80
548 76
505 72
397 80
732 86
715 80
678 86
573 71
602 72
224 70
290 75
785 71
632 75
655 68
541 51
458 60
408 65
435 60
527 55
500 50
355 65
733 65
311 46
514 48
623 50
572 55
454 34
327 41
778 50
433 34
558 39
582 34
648 55
716 55
522 34
507 35
303 31
285 31
352 35
630 37
318 29
492 29
675 29
341 29
781 29
36 29
598 29
22 29
