497 407
412 419
372 391
451 365
497 356
389 316
163 282
489 293
396 272
463 242
71 219
166 233
388 215
108 198
172 189
442 189
468 171
90 181
128 153
443 157
178 147
370 165
475 143
429 140
355 143
146 127
452 129
162 116
426 111
464 108
106 104
444 92
187 90
168 98
110 75
458 81
474 70
215 75
185 67
437 70
530 67
138 75
108 60
461 58
663 60
687 60
539 48
499 47
197 52
260 60
436 51
514 43
184 34
450 41
104 40
439 34
498 33
522 32
663 31
198 32
50 33
24 46
685 37
266 33
722 29
450 29
567 29
110 29
578 29
98 29
539 29
426 29
