264 405
331 419
387 378
516 352
252 352
131 391
88 345
324 348
3 328
370 340
675 328
513 300
405 304
330 310
643 316
104 310
264 304
143 304
571 295
715 293
300 286
366 293
617 275
65 282
0 293
173 272
406 263
678 272
499 267
582 259
322 262
554 242
357 248
60 230
267 247
625 244
301 242
0 252
731 221
467 227
439 221
590 224
180 233
335 221
678 233
620 209
567 212
776 206
653 233
276 206
529 206
112 215
468 182
193 194
356 186
309 215
497 189
666 181
401 198
559 173
636 181
607 171
287 177
1 181
769 181
174 170
720 157
686 160
446 160
143 157
379 157
585 157
510 157
95 181
414 165
543 153
217 157
568 143
466 137
295 147
762 150
704 143
329 144
363 142
624 136
230 131
539 122
307 131
509 130
735 136
433 130
2 150
255 129
43 136
772 123
152 136
485 123
323 119
375 123
572 117
667 123
0 123
643 110
265 102
201 106
432 110
595 123
309 102
611 110
235 104
86 106
118 123
584 98
179 104
627 98
111 90
536 98
557 104
454 110
415 82
319 89
0 98
503 104
364 94
571 86
782 98
513 83
235 83
550 86
207 86
605 77
301 86
667 98
55 82
475 80
40 72
496 86
248 68
332 71
377 75
703 75
527 75
160 70
311 63
98 65
278 65
127 65
210 61
174 50
193 50
156 50
454 65
428 65
223 38
41 50
614 55
730 55
395 55
329 34
652 55
583 55
441 55
692 46
109 31
294 34
559 37
184 31
31 33
78 29
147 29
206 29
684 29
232 29
345 29
306 29
720 37
267 29
