122 272
496 262
155 227
488 224
421 215
176 206
118 215
478 198
209 170
175 181
411 181
151 181
747 155
486 165
469 150
57 138
140 150
218 140
650 140
119 165
436 165
191 136
630 150
700 128
105 132
166 129
648 115
730 136
751 123
681 116
83 110
472 123
423 110
167 101
20 99
637 98
666 104
210 110
696 104
112 90
243 80
500 98
608 71
80 76
136 80
428 80
14 80
211 86
289 80
272 98
641 70
307 72
48 63
264 62
287 59
370 56
125 62
226 65
78 61
303 54
144 65
65 50
623 65
133 47
255 47
558 43
104 46
444 40
144 34
327 53
489 41
21 46
641 34
121 40
229 41
276 46
239 55
572 55
583 33
242 32
328 30
366 33
83 33
305 32
753 33
603 32
129 30
397 31
211 34
36 35
464 37
552 29
254 29
489 29
501 29
354 29
276 29
113 29
450 29
196 29
767 29
222 29
475 29
288 29
