505 352
750 365
656 340
506 300
392 316
79 282
139 262
581 293
172 245
497 242
529 272
199 252
153 224
69 215
495 181
655 181
477 139
566 150
415 136
611 129
509 136
341 136
579 114
628 123
674 104
538 105
36 110
615 110
568 92
598 110
489 98
460 104
61 89
583 79
614 79
228 86
462 80
81 86
694 92
383 98
525 82
638 82
546 78
568 69
428 71
128 68
533 62
511 68
399 75
32 61
70 75
457 55
659 65
51 65
560 52
608 55
516 50
621 53
107 48
138 52
427 52
197 65
749 50
37 40
541 41
121 55
221 55
456 33
617 33
520 33
24 46
144 35
483 31
720 29
754 29
588 29
351 29
112 33
444 29
430 37
223 29
43 29
542 29
