55 316
395 293
179 260
89 268
458 241
487 252
180 230
467 203
546 208
74 233
408 191
125 206
478 181
507 198
535 181
415 150
762 150
470 150
219 150
559 165
419 123
463 118
641 123
569 123
238 123
49 104
536 92
238 98
458 94
419 93
642 98
744 110
441 83
590 86
682 86
52 80
428 72
610 75
400 75
455 75
132 70
424 58
691 70
589 57
53 60
145 60
256 68
539 65
456 50
374 43
564 41
264 55
547 40
44 43
611 55
510 40
361 37
555 30
457 37
606 33
427 37
644 37
348 29
533 29
49 29
386 29
799 37
515 29
320 29
570 29
