140 405
519 400
36 352
158 352
541 365
423 340
62 316
530 316
493 293
176 282
542 272
487 252
84 272
402 252
191 239
121 233
547 206
478 193
410 198
212 198
46 169
561 154
469 150
487 165
73 150
638 150
58 136
609 150
416 123
466 116
88 123
244 136
185 123
565 114
489 104
50 110
456 92
422 94
63 98
509 98
251 92
621 110
128 77
98 98
577 94
460 75
255 75
113 86
532 75
664 75
476 86
52 86
63 70
491 86
239 75
152 71
407 75
109 65
434 75
548 58
125 61
563 60
269 65
640 60
472 65
152 45
529 49
505 49
53 44
664 52
281 52
392 48
453 43
643 46
414 55
543 41
372 41
119 43
232 46
573 41
512 31
526 35
250 37
646 30
289 35
266 46
666 31
339 35
446 31
142 33
41 29
321 29
122 29
154 29
486 29
371 29
396 29
220 29
57 29
570 29
548 29
500 29
