90 404
11 409
154 407
283 393
50 387
214 364
126 374
82 350
158 345
59 324
204 319
389 335
125 324
171 307
95 304
273 304
237 316
1 316
137 278
186 266
42 293
345 293
91 268
370 272
283 242
144 240
78 217
174 218
354 227
230 233
203 206
284 203
349 189
124 193
245 181
91 181
287 165
66 143
269 150
177 165
134 150
337 136
164 123
328 106
431 106
285 123
281 89
190 86
140 86
318 81
448 78
393 75
347 86
288 71
712 86
739 71
461 61
318 65
273 60
715 61
221 55
294 48
412 41
384 52
370 55
182 55
206 41
141 42
436 41
738 55
637 46
465 42
399 31
459 31
718 34
199 31
739 33
311 37
345 37
438 29
144 29
505 29
371 29
638 29
57 29
354 29
383 29
245 29
