652 386
758 405
300 391
733 365
682 340
636 340
595 316
630 293
308 272
648 247
131 252
412 233
91 219
129 206
551 215
331 224
629 215
375 215
340 181
404 198
130 181
639 165
92 170
564 171
87 140
400 143
345 140
259 145
549 131
714 150
631 143
731 126
12 129
353 119
522 123
402 116
298 123
258 123
231 104
276 102
6 104
637 106
370 102
489 123
120 123
133 110
257 90
487 84
741 110
357 92
394 95
551 84
217 86
199 98
737 80
127 82
642 84
8 78
300 86
279 70
376 72
225 71
257 70
357 71
657 70
403 75
482 66
737 61
126 58
95 70
506 52
278 52
207 55
467 55
10 55
485 50
646 55
376 50
252 49
27 55
418 55
315 34
488 33
548 55
727 42
44 46
117 41
663 41
235 41
329 41
139 55
466 33
443 30
406 31
583 34
13 35
646 33
737 31
374 35
150 33
710 37
200 31
342 30
285 30
178 31
265 29
361 29
390 29
517 29
123 29
217 29
300 29
234 29
663 29
