42 328
101 293
424 272
496 293
48 293
101 252
404 242
100 215
402 215
46 209
414 173
471 157
109 160
50 181
308 143
189 165
144 118
362 136
470 129
418 131
102 136
168 110
472 106
749 110
216 110
720 110
307 98
190 86
172 80
219 78
701 86
494 77
461 78
335 75
733 86
318 86
545 68
236 67
162 61
468 60
700 60
485 65
307 75
204 53
450 53
167 47
223 60
547 49
43 50
525 50
300 53
431 40
237 47
733 31
524 33
188 31
458 34
550 32
252 33
510 31
587 34
329 46
290 37
419 31
223 46
41 31
406 34
281 29
572 29
319 29
169 29
711 29
226 29
379 29
5 29
303 29
445 29
695 29
215 29
