174 407
115 388
216 402
29 400
254 396
297 387
611 378
71 351
489 391
242 351
176 358
368 365
706 391
497 340
307 332
132 340
183 316
263 309
215 301
120 293
296 283
474 286
377 282
231 263
152 265
517 272
326 272
602 258
298 242
259 245
400 240
464 242
99 252
574 252
175 224
326 227
605 224
350 215
460 215
228 227
389 210
302 215
552 215
253 209
396 181
509 181
163 198
598 181
434 198
266 181
59 181
546 165
453 140
214 145
391 150
166 150
602 150
126 165
530 143
290 165
252 136
191 131
406 132
677 136
325 150
554 119
706 123
590 104
457 116
179 110
406 102
633 90
381 98
687 110
157 95
557 86
411 83
599 82
705 87
268 86
171 86
446 86
333 75
616 75
290 75
563 69
377 65
632 60
445 65
588 61
413 62
692 58
127 65
350 55
364 55
569 47
704 50
169 65
298 43
277 55
157 50
719 41
130 44
593 46
696 30
470 33
668 37
483 31
620 34
418 46
545 37
167 35
282 33
260 29
592 29
296 29
129 29
574 29
727 29
715 29
438 29
