505 365
440 391
459 300
497 316
399 316
271 300
568 316
117 293
497 252
400 258
623 272
175 272
112 239
144 224
404 224
480 224
449 221
571 242
479 193
415 194
577 206
510 215
515 181
428 171
481 170
581 173
534 155
608 157
466 155
561 140
417 150
152 165
503 143
526 128
467 128
590 132
611 127
439 150
542 105
416 115
491 118
457 107
557 116
399 116
584 107
606 104
415 94
317 86
424 76
587 84
341 80
503 98
602 80
689 77
667 75
559 70
302 75
354 67
211 68
467 80
586 63
366 45
569 49
696 51
309 55
372 65
669 43
258 41
204 50
309 41
162 46
680 32
346 39
693 34
321 32
706 30
214 37
487 29
368 29
308 29
262 29
533 29
380 29
546 29
575 37
745 29
158 29
433 29
339 29
