259 383
214 400
504 382
377 356
641 391
202 358
109 391
322 316
551 324
384 304
490 308
449 322
229 316
353 279
193 316
534 286
650 293
276 272
334 257
486 265
387 272
513 252
569 245
605 272
439 258
162 252
321 227
483 233
544 208
423 202
339 208
455 215
356 233
362 190
301 193
590 183
619 198
519 185
178 215
114 189
320 162
423 175
475 198
587 156
545 151
479 161
400 155
363 160
441 157
288 156
334 134
136 150
422 140
508 140
467 132
404 128
289 129
487 136
377 127
570 129
231 129
157 129
423 117
527 102
442 107
347 117
639 136
506 106
405 105
375 106
268 123
322 102
611 104
388 88
349 84
458 92
302 104
375 78
420 90
325 86
548 81
506 79
620 86
485 83
228 98
441 80
417 70
396 71
519 68
364 65
488 65
633 75
396 55
502 61
207 55
469 60
438 65
645 55
537 65
503 46
569 55
629 52
323 55
594 55
517 37
477 46
149 29
232 29
644 37
447 37
576 29
211 29
