492 257
533 258
571 252
463 252
229 239
202 208
751 233
799 233
483 224
238 208
457 215
504 189
521 215
116 198
454 181
705 160
226 181
264 181
493 165
467 150
262 143
668 157
225 150
660 136
609 129
395 136
410 150
247 127
379 123
488 136
427 116
467 116
692 116
401 110
306 110
357 92
375 92
618 98
446 104
572 110
279 110
454 79
684 98
583 58
355 60
383 65
629 49
499 55
646 65
557 55
384 46
641 40
463 55
592 46
267 31
360 46
122 33
621 33
136 37
428 46
450 37
635 29
604 29
497 29
367 29
583 29
