624 412
521 400
521 352
587 365
334 365
272 365
453 340
341 316
560 328
62 308
521 282
85 277
465 293
427 256
384 262
515 245
355 252
140 252
495 227
596 252
121 215
429 228
57 233
514 206
359 215
176 203
427 198
38 215
469 192
94 192
517 181
442 173
192 165
229 136
413 165
474 132
372 136
420 104
534 104
167 110
248 95
267 98
214 92
493 92
509 95
226 78
530 83
317 86
675 98
376 80
163 83
505 68
168 67
253 71
487 73
143 69
764 68
535 67
743 58
398 65
788 58
657 61
685 60
372 60
584 65
227 50
318 42
714 52
768 46
245 55
381 49
672 42
592 46
151 50
169 44
347 55
689 43
397 39
510 46
153 34
788 34
767 31
137 31
572 33
381 31
657 37
336 29
199 29
589 29
352 29
115 29
167 29
705 33
740 31
