39 316
496 293
86 272
479 252
669 272
133 252
401 233
61 233
173 206
482 215
543 233
512 215
436 206
208 198
452 181
493 165
605 145
139 165
198 150
461 131
740 127
418 123
255 136
591 123
776 123
511 105
756 104
556 104
432 110
465 102
79 91
594 98
543 79
207 86
517 84
626 86
389 86
456 80
566 82
575 98
424 80
243 80
476 86
106 82
446 98
607 74
503 77
119 70
54 70
753 72
578 70
90 70
429 60
93 56
520 57
782 60
450 53
546 57
506 52
628 65
582 55
754 48
737 42
608 50
429 44
590 41
76 55
527 34
121 44
135 46
47 55
451 34
759 30
781 46
63 31
796 33
712 34
144 33
400 29
98 29
699 29
589 29
607 29
128 29
