276 419
94 391
303 391
456 340
483 296
393 316
129 316
572 293
44 293
526 293
500 253
423 272
587 252
798 233
484 191
405 233
74 215
181 198
513 175
33 155
586 165
54 146
475 141
525 143
414 145
67 129
92 116
223 123
467 115
587 118
397 123
544 104
418 107
203 110
19 110
103 86
584 98
451 95
425 90
373 110
406 86
547 79
22 86
112 72
423 70
234 86
448 78
474 86
684 70
666 75
192 86
590 75
557 61
33 61
127 65
606 75
519 60
375 55
499 55
111 50
688 50
426 50
389 55
525 41
144 41
365 42
258 46
661 50
19 41
449 50
128 35
539 46
569 46
379 37
350 31
665 32
448 33
583 31
105 34
311 33
692 37
370 29
210 29
531 29
299 29
484 29
681 29
164 29
433 29
729 29
