352 361
255 352
195 378
200 328
461 316
347 298
386 286
240 316
456 272
327 267
665 252
372 242
248 227
311 224
429 227
456 215
324 202
19 198
383 198
240 181
57 181
442 144
386 145
309 165
102 150
147 150
54 150
119 136
414 114
535 116
85 136
694 123
134 114
175 123
430 106
390 104
52 123
304 110
539 98
161 95
118 90
539 76
476 80
435 81
254 86
396 79
699 98
295 86
500 72
156 70
100 86
121 62
176 71
280 69
424 67
482 56
391 57
565 61
255 52
742 60
144 52
88 55
419 53
536 49
732 49
509 53
552 50
756 55
745 34
472 40
123 42
65 55
278 44
171 34
207 42
697 40
562 34
400 43
155 32
142 34
443 37
494 33
525 30
418 33
716 34
266 29
112 31
210 29
702 29
71 37
631 29
279 29
233 29
732 33
