370 391
183 378
592 348
202 316
363 282
473 282
561 316
395 272
564 262
160 272
489 242
733 242
536 272
107 224
439 224
368 252
562 233
480 215
32 215
125 198
412 191
541 203
405 215
359 215
724 198
401 169
351 173
419 157
122 157
39 165
510 181
210 165
158 150
518 145
384 139
490 150
121 129
414 127
68 129
711 136
469 117
178 123
508 123
120 107
73 107
329 110
482 98
456 90
430 94
85 93
148 90
121 80
547 86
324 86
708 80
66 76
100 72
215 70
430 68
409 71
500 86
87 61
47 56
479 75
227 58
129 61
711 65
354 65
101 55
63 47
528 50
346 49
366 42
85 34
52 40
701 55
277 46
134 43
199 30
66 31
157 34
111 33
436 31
14 29
491 31
340 30
169 31
44 31
453 29
134 29
219 37
293 29
527 29
