679 386
421 378
621 376
561 382
192 391
655 352
206 304
605 340
534 304
318 316
437 304
676 316
285 279
316 262
440 260
500 262
243 248
288 239
544 252
442 224
311 219
58 206
240 215
521 209
270 198
260 166
79 177
448 181
105 157
309 181
508 143
318 150
454 140
277 136
62 136
84 143
108 118
167 114
439 113
502 123
292 123
474 110
797 106
454 92
140 98
67 107
494 94
115 93
772 98
386 110
717 88
745 82
93 98
169 86
321 79
277 86
438 86
695 83
657 86
685 67
756 67
288 71
122 75
793 75
488 75
729 63
317 60
459 75
657 65
577 65
703 65
296 51
535 34
587 46
765 50
136 46
256 31
7 34
696 35
72 33
714 43
765 33
314 29
300 29
170 37
574 29
101 29
356 29
