509 365
200 328
393 279
799 293
194 293
391 245
289 252
43 206
365 209
66 198
348 189
298 215
416 192
41 181
87 181
296 173
153 165
476 157
373 165
116 150
417 143
283 150
473 129
42 136
353 150
192 136
423 123
139 123
342 116
462 114
212 136
166 102
191 110
42 110
436 106
291 104
485 101
232 94
465 92
562 83
121 86
209 86
143 98
424 79
455 77
477 75
90 75
155 78
517 65
763 65
565 61
430 62
458 61
526 50
546 65
292 50
31 60
730 60
158 44
514 38
418 46
435 37
220 46
195 55
762 34
533 33
176 33
202 35
464 46
312 33
595 30
67 37
582 33
243 33
290 35
732 33
188 31
503 29
775 29
394 29
152 29
565 29
715 29
164 29
220 29
