776 419
661 419
384 373
100 391
513 391
124 340
234 365
721 365
139 298
401 316
495 316
246 279
154 244
499 265
406 262
455 262
245 244
214 242
485 227
193 209
218 203
253 211
404 215
432 215
480 189
460 170
205 169
249 181
265 165
419 173
217 131
90 126
494 136
463 104
265 123
542 106
421 102
508 98
274 90
97 98
557 82
458 78
425 78
527 72
100 68
276 71
408 65
426 59
450 61
554 62
641 65
171 50
528 50
538 60
91 50
378 46
506 46
434 41
277 55
639 46
362 37
94 37
450 37
186 46
435 29
330 29
286 37
81 29
143 29
