160 391
384 365
393 242
475 233
222 224
396 182
471 189
474 165
419 162
386 138
438 140
253 150
383 116
254 116
309 123
411 136
441 115
493 120
413 101
460 93
502 98
365 92
321 90
549 92
343 92
510 74
476 86
415 79
438 81
395 73
776 86
338 70
293 80
363 67
539 73
256 75
560 68
470 67
319 70
431 60
302 55
339 55
394 55
503 52
534 49
479 52
519 55
378 41
551 46
320 40
284 40
463 46
432 46
361 43
404 46
583 43
417 39
450 34
566 46
767 41
350 37
476 37
520 37
778 33
540 37
629 29
613 29
644 29
581 29
689 29
433 29
403 29
797 29
568 29
389 29
333 29
510 29
492 29
756 29
374 29
