519 419
448 316
492 282
404 272
6 252
355 272
302 272
35 233
492 252
5 215
428 186
84 181
472 170
435 156
61 165
302 165
113 145
469 147
353 136
420 129
152 114
439 117
473 117
197 116
43 116
112 123
475 95
168 96
447 91
37 98
421 110
585 98
143 98
301 98
430 72
557 77
1 75
726 80
193 75
161 69
215 75
756 60
43 60
527 50
559 55
156 43
425 50
714 65
461 55
170 43
35 43
443 49
754 40
505 40
16 46
537 33
763 29
582 31
559 37
246 30
185 30
207 37
594 33
73 37
390 29
519 30
452 33
309 29
160 29
728 29
228 29
499 29
749 29
53 29
549 29
24 29
37 29
