687 405
577 391
406 391
162 391
724 365
614 352
105 391
273 328
670 340
379 330
766 340
520 340
455 324
157 340
664 265
372 280
433 293
577 282
154 293
268 267
472 293
715 293
342 242
609 239
569 252
380 242
638 252
191 262
408 258
443 227
296 252
418 224
251 242
212 227
595 203
629 208
315 210
713 208
676 208
783 202
540 203
470 185
249 192
308 176
370 198
571 177
746 173
672 173
605 177
277 170
399 173
787 170
455 166
494 181
630 160
680 153
707 181
544 160
241 165
279 140
391 147
480 150
724 150
701 127
344 126
546 133
578 143
592 126
647 123
755 129
394 123
473 116
663 110
683 98
537 110
379 90
583 110
279 110
762 110
544 86
239 86
695 86
222 75
181 61
201 55
187 41
630 46
615 31
197 34
169 37
630 29
440 29
209 29
568 29
183 29
423 33
142 29
703 29
