521 419
468 365
520 365
344 365
315 340
96 340
462 316
418 279
344 304
118 293
520 262
96 272
432 247
36 252
398 252
356 272
137 242
448 221
505 233
532 224
362 215
637 198
449 181
163 198
705 198
380 173
107 165
465 165
178 165
605 165
37 139
387 140
481 143
8 130
443 136
55 129
389 116
551 114
508 136
71 116
91 104
427 104
5 110
35 116
545 94
374 90
104 92
515 90
216 98
72 98
410 82
6 78
87 83
429 86
388 77
544 75
519 73
57 71
100 70
644 68
624 69
342 61
501 60
93 57
424 62
11 61
571 65
399 60
40 75
134 47
484 43
647 52
544 48
113 47
70 65
624 49
245 34
223 38
351 46
146 41
251 55
518 43
164 43
122 34
6 37
82 36
443 37
422 33
647 31
622 31
405 40
96 33
527 29
136 29
513 29
232 29
545 29
150 29
184 29
288 29
461 29
713 29
560 29
683 29
270 29
348 29
173 29
