594 375
45 391
261 391
668 340
550 328
0 365
87 335
366 297
342 316
582 316
263 316
2 316
528 282
453 293
349 267
591 279
418 258
576 240
463 252
514 252
256 252
402 219
370 218
340 224
618 203
446 215
542 209
87 233
380 181
326 176
471 203
571 186
596 171
240 173
565 164
527 170
507 157
337 153
407 157
299 143
665 142
746 143
363 141
589 140
245 144
482 141
327 134
538 141
191 143
518 138
389 140
435 136
634 131
569 136
219 131
611 127
504 125
382 117
179 114
306 119
464 117
531 117
361 112
678 115
768 136
268 136
549 118
22 123
498 104
338 105
252 106
419 106
517 90
223 92
474 94
657 110
700 110
565 104
538 95
359 92
452 92
638 110
606 98
594 110
1 98
45 90
80 98
492 82
200 81
264 81
558 81
413 83
176 82
303 79
161 80
325 78
245 78
345 76
396 98
435 70
95 86
541 73
211 67
509 69
278 61
474 67
230 71
663 86
366 71
385 70
33 70
137 68
453 68
0 75
649 75
242 57
317 62
292 65
331 58
555 62
55 75
413 57
344 51
76 65
158 60
381 52
464 55
302 52
571 60
506 50
361 53
488 65
226 52
523 65
314 43
533 55
177 39
255 46
686 41
44 55
94 55
1 46
433 41
136 43
79 40
50 31
395 37
551 46
209 46
364 37
348 29
421 29
202 29
111 29
238 37
136 29
185 29
286 29
