336 378
462 378
458 328
22 340
260 316
143 300
362 300
29 293
441 262
466 293
362 264
89 262
165 257
134 239
263 272
73 239
369 224
328 233
398 233
460 206
174 215
426 206
199 215
116 215
84 198
415 169
132 181
431 137
475 165
241 128
752 123
485 123
215 102
404 102
265 89
363 92
491 92
768 91
239 77
686 86
664 86
471 83
751 80
284 77
198 78
406 86
511 76
265 73
377 72
482 58
332 70
769 75
496 71
623 61
272 60
195 56
733 65
406 65
693 57
246 58
709 63
647 51
380 57
753 56
714 44
690 40
257 46
307 55
515 55
661 41
199 43
633 41
564 41
386 41
333 30
616 33
646 30
744 35
208 30
182 37
354 46
402 37
500 37
675 29
706 29
222 29
562 29
5 29
358 29
390 29
721 29
