117 401
64 401
173 403
238 409
634 409
498 419
27 398
683 419
376 378
148 356
583 386
211 374
286 382
681 365
183 348
232 338
385 340
589 332
95 352
502 365
317 324
272 306
483 316
191 308
71 279
758 279
388 293
227 280
658 293
609 293
274 259
110 258
144 293
184 258
731 251
381 252
656 241
41 252
697 242
154 224
231 229
401 233
55 209
659 208
460 233
632 206
475 203
109 215
561 215
204 215
727 204
750 215
288 215
397 193
431 206
699 175
585 198
480 173
234 165
735 181
122 181
366 162
418 157
625 181
54 165
618 143
536 150
677 165
649 136
358 136
282 136
402 131
262 129
249 150
246 106
560 123
677 102
740 93
345 110
566 94
620 110
546 90
716 90
374 110
418 90
778 110
689 90
311 86
365 86
330 82
455 82
678 69
712 67
540 71
799 75
425 72
17 70
240 86
562 52
351 59
391 58
452 52
686 50
742 50
383 41
325 60
16 55
362 40
676 40
697 34
709 34
536 50
36 46
730 33
506 37
743 33
542 33
398 31
774 46
23 31
298 29
367 29
189 29
105 29
249 29
147 29
213 37
431 29
314 29
760 29
636 29
579 29
