276 413
56 419
148 395
217 380
799 391
419 385
601 391
318 356
111 355
548 352
702 391
171 365
378 378
255 322
332 308
188 304
436 316
261 287
298 277
217 282
146 316
455 262
350 272
758 267
549 258
305 237
195 262
246 235
394 272
589 242
640 209
458 233
770 224
721 209
569 224
259 201
324 215
492 215
530 186
694 189
570 181
287 175
402 198
525 155
783 165
664 160
465 165
592 165
564 150
640 165
547 136
650 136
777 136
276 150
602 123
512 123
784 104
621 104
300 110
743 110
492 89
668 110
319 110
769 86
578 86
606 86
622 77
592 67
720 75
758 65
438 60
623 59
799 65
592 50
180 49
408 65
482 65
394 55
791 52
428 47
635 50
456 46
193 32
142 43
743 46
408 41
573 41
418 31
668 37
171 31
584 30
787 31
553 33
343 37
388 29
632 29
140 29
605 37
619 29
368 29
250 29
773 29
437 29
567 29
