229 409
264 365
394 272
484 252
43 242
74 252
118 206
406 233
78 215
324 215
367 215
117 173
479 198
58 181
385 181
318 181
62 150
86 150
113 139
466 129
362 123
77 123
423 118
150 123
221 104
471 110
174 98
114 98
61 98
545 98
25 98
584 98
166 77
459 83
432 98
481 86
72 86
228 75
705 75
195 86
340 86
545 70
182 75
10 75
466 68
429 70
116 75
71 60
166 57
507 50
526 49
242 60
227 55
436 55
327 55
547 50
10 55
698 45
85 55
22 43
168 43
245 41
118 46
76 40
231 32
548 31
728 37
512 35
291 31
45 32
59 33
256 29
500 29
587 29
452 29
84 29
108 33
574 29
739 29
694 29
15 29
169 29
750 29
