453 400
157 400
0 391
128 365
415 365
181 356
73 365
246 365
461 328
45 324
303 316
444 264
118 316
77 293
226 316
180 293
392 231
312 252
79 252
412 215
115 233
456 206
394 186
320 198
331 157
417 181
482 136
427 123
207 123
389 110
447 90
341 90
484 110
331 110
201 86
373 89
228 82
489 78
241 68
454 68
342 73
616 86
551 75
489 58
201 57
368 61
224 60
466 52
611 65
541 55
345 52
552 48
716 49
284 43
219 43
148 31
367 43
662 42
690 34
444 37
548 32
710 34
724 35
345 31
570 32
480 46
603 37
412 29
285 29
428 29
131 29
672 29
166 29
366 29
316 29
241 29
522 29
473 29
647 29
