164 405
318 398
99 388
41 419
343 348
220 352
254 348
177 352
260 308
145 328
463 316
171 304
364 316
124 293
705 272
162 242
217 272
123 233
423 233
74 233
171 215
340 206
638 209
365 198
253 181
727 198
169 181
205 181
440 181
377 165
678 165
439 150
438 123
385 102
59 94
430 92
333 86
398 80
48 78
423 68
501 68
447 75
238 70
610 71
147 75
88 75
343 65
41 61
624 57
62 62
3 65
331 55
241 52
402 52
17 55
367 41
483 43
62 42
42 41
609 48
207 34
467 46
135 31
344 37
173 46
36 30
236 34
420 46
567 33
781 34
624 32
405 37
313 33
187 30
380 29
363 29
61 29
606 29
264 29
529 29
120 29
298 29
663 29
332 29
99 29
84 29
467 29
480 29
