206 398
385 400
317 401
146 407
71 406
787 405
34 419
285 378
510 391
233 345
197 351
126 346
391 348
323 352
102 384
700 391
284 329
39 304
246 303
292 286
634 340
344 306
161 316
397 286
65 280
502 284
627 282
198 284
324 262
250 257
537 262
356 267
397 249
486 256
66 240
306 222
636 252
209 245
276 247
585 242
655 272
442 236
389 217
354 219
482 228
518 233
116 224
546 227
438 202
474 195
589 209
140 215
363 183
614 203
554 189
260 198
58 198
326 171
398 181
464 173
555 145
282 151
427 157
159 173
258 165
318 140
415 129
481 136
349 143
147 123
464 112
358 118
520 136
416 106
455 95
63 110
346 94
432 93
526 98
270 98
402 86
576 86
609 80
429 72
464 72
286 75
358 70
64 75
269 72
381 65
524 75
364 52
433 52
582 60
287 52
348 43
84 50
451 55
414 55
588 41
747 41
462 46
401 55
67 34
733 31
272 37
362 33
491 33
648 33
382 29
453 29
188 29
522 29
435 37
255 29
692 29
799 29
170 29
563 29
663 29
589 29
