509 405
697 405
208 405
323 419
795 405
428 419
364 388
648 391
37 365
244 391
152 391
513 352
464 352
413 348
390 320
77 332
527 304
421 306
730 340
496 302
633 328
563 316
88 293
695 282
458 281
636 282
385 277
602 276
759 258
490 262
116 245
529 258
407 248
565 263
729 243
630 243
596 248
467 245
57 213
561 221
144 221
678 230
532 228
18 233
707 215
400 211
625 209
425 203
481 215
510 215
742 198
165 186
593 189
467 186
675 198
410 181
221 181
622 171
643 160
538 173
571 173
493 175
708 170
173 160
106 165
450 157
593 160
675 140
471 145
609 134
191 139
417 146
386 165
132 143
568 131
515 129
159 129
406 117
208 123
682 116
629 123
474 116
457 123
499 116
432 107
554 101
178 123
725 106
607 110
384 110
578 94
58 92
418 86
210 98
506 90
461 92
696 98
196 80
175 98
561 82
598 82
671 98
232 80
80 73
581 70
543 70
65 70
462 75
700 75
727 72
256 75
209 62
361 61
125 61
439 58
177 75
799 65
733 56
527 58
375 50
346 48
551 51
490 55
610 65
63 50
698 44
723 47
508 65
96 55
141 41
534 46
193 43
457 43
737 43
81 34
587 46
174 46
477 41
124 34
752 41
502 31
339 35
542 31
559 37
445 46
359 37
63 30
431 33
265 37
182 30
246 33
388 29
162 29
300 29
451 29
487 29
147 29
311 29
725 29
517 29
700 29
752 29
766 29
595 29
714 29
580 29
196 29
