462 365
361 293
339 224
246 206
79 215
45 233
393 189
309 175
464 173
113 181
234 155
139 165
357 157
60 165
284 138
403 165
124 150
231 127
153 136
97 136
204 104
466 110
115 110
182 98
145 104
234 95
285 101
137 79
430 86
167 81
94 73
211 70
444 67
230 75
288 68
688 75
481 67
256 65
460 58
117 59
194 56
325 52
134 41
289 52
428 55
103 52
235 50
267 49
153 60
406 40
313 41
519 31
348 39
673 46
543 38
100 34
799 37
275 33
242 37
382 46
498 30
258 29
559 29
32 29
451 37
115 29
294 29
484 33
310 29
68 29
