289 405
649 378
751 391
509 391
691 373
383 391
793 348
689 334
540 365
290 365
501 340
770 316
82 272
620 252
474 233
150 215
193 195
477 181
416 177
167 150
474 145
243 144
416 150
661 129
191 129
259 114
218 113
624 106
235 123
458 110
191 104
664 110
118 102
643 104
264 95
601 87
88 80
38 93
150 110
241 92
514 98
131 82
178 86
299 79
63 79
576 80
197 80
42 73
635 86
262 71
166 71
594 71
146 72
428 70
101 70
311 68
124 59
68 58
245 60
332 65
17 75
266 52
88 52
566 45
169 52
296 52
316 46
219 50
279 41
249 43
597 47
111 47
368 34
487 42
657 42
25 50
156 55
338 34
126 34
200 46
537 46
51 46
98 30
227 30
442 34
17 35
411 37
552 32
507 30
149 37
0 37
190 37
301 30
606 30
486 29
397 29
138 29
110 29
319 29
668 29
246 29
353 29
422 29
204 29
169 29
577 29
285 29
524 29
