317 419
564 419
512 380
425 391
544 350
457 348
128 365
104 391
621 365
598 314
502 328
140 308
642 305
560 306
396 316
94 265
530 284
449 282
177 281
660 267
55 282
551 255
613 264
205 272
696 265
134 252
472 247
156 221
659 239
570 221
183 215
493 207
518 186
628 215
126 215
329 215
688 215
492 173
416 181
575 177
148 181
547 159
525 150
272 131
549 131
478 150
416 143
204 150
470 118
573 116
291 123
544 110
428 110
255 110
469 89
574 96
91 98
445 78
334 86
377 82
294 86
550 86
482 69
466 73
530 75
278 86
646 70
453 57
567 71
319 70
274 55
385 65
352 65
667 55
473 48
547 55
282 41
69 55
637 46
282 29
639 29
614 29
461 37
591 29
493 29
