569 405
665 400
370 419
516 405
412 419
262 355
288 384
418 352
606 352
168 378
505 352
382 325
209 340
127 365
326 302
486 300
565 304
379 264
219 300
447 293
532 282
485 262
290 262
344 239
639 262
524 252
242 272
404 245
581 247
327 218
459 221
496 233
558 215
350 206
529 192
611 198
421 188
386 198
489 189
312 187
442 173
352 163
584 165
132 181
313 155
379 156
503 160
535 157
483 155
407 153
456 131
420 129
512 133
234 136
364 133
143 150
540 128
561 150
336 130
480 130
390 130
170 116
310 107
284 123
499 118
351 113
400 105
436 101
466 97
531 105
421 110
377 106
589 107
341 92
551 82
357 82
507 90
382 77
404 83
569 86
443 81
424 83
482 86
598 77
614 86
533 70
496 69
513 61
462 75
398 60
371 62
635 55
482 57
327 60
496 52
465 55
563 55
592 55
106 46
384 46
570 37
447 33
485 29
88 29
544 29
236 29
249 29
636 33
