520 405
479 398
686 419
631 381
581 378
724 391
381 391
483 352
671 355
557 345
103 365
244 340
452 322
552 307
612 307
359 316
647 304
245 282
509 284
443 262
616 272
573 260
341 258
21 262
538 268
490 231
247 239
180 272
113 252
326 233
150 203
589 233
7 215
555 217
228 215
401 233
527 233
66 215
266 193
467 198
335 198
397 198
233 175
505 189
560 181
534 181
21 160
280 160
143 140
131 165
43 165
14 129
519 150
199 127
289 123
135 114
45 123
9 104
177 95
500 110
220 92
306 98
109 110
30 82
205 75
348 80
314 80
77 70
173 61
391 75
404 60
11 60
359 58
338 49
611 50
392 50
210 52
48 52
5 41
19 46
63 41
221 41
87 55
624 34
384 33
602 33
252 34
165 30
349 31
657 35
185 46
405 31
456 37
429 29
15 29
221 29
205 29
767 29
34 37
1 29
639 29
548 29
