629 406
692 408
736 396
566 402
784 419
260 419
150 381
290 378
599 378
362 378
563 358
636 354
238 354
68 391
314 346
26 391
196 350
710 365
671 358
275 323
585 326
177 322
781 365
101 328
245 302
626 311
211 308
311 312
370 300
143 304
76 277
571 284
177 289
285 278
676 273
249 264
209 268
539 258
419 272
316 263
603 266
472 258
353 267
142 272
113 293
513 272
112 252
166 245
286 241
630 245
577 239
233 238
799 252
128 224
447 224
318 221
201 215
522 228
40 218
268 219
349 225
382 222
573 211
237 208
610 219
293 202
72 204
540 203
166 191
794 215
596 190
317 180
351 187
389 192
107 202
463 180
245 175
799 181
109 177
580 171
280 173
543 170
375 169
17 170
617 159
453 155
331 160
71 171
687 165
398 155
637 165
151 152
215 181
258 142
104 143
379 132
172 150
312 143
572 145
489 144
74 150
548 143
596 139
213 150
437 143
347 143
622 132
457 130
788 136
191 136
406 133
17 129
507 129
663 129
265 123
434 114
542 116
601 115
210 118
356 120
240 114
475 106
398 104
648 104
118 116
617 99
321 110
417 110
279 95
557 91
516 94
223 90
254 95
119 92
585 89
533 79
432 75
636 81
397 82
351 79
204 86
104 82
135 86
487 81
493 98
383 75
408 59
558 70
156 75
649 70
233 70
310 75
633 59
490 65
521 65
472 65
772 63
333 60
581 65
257 75
350 49
106 65
758 50
728 55
147 57
433 52
545 48
508 48
210 60
234 55
610 53
382 55
631 43
653 44
69 41
187 55
268 42
488 41
283 55
586 34
521 32
364 37
733 37
472 31
455 30
767 33
430 34
601 33
147 37
507 32
563 37
672 33
411 33
282 37
344 37
551 29
654 29
303 29
638 29
486 29
691 29
627 29
258 33
292 29
354 29
214 29
