239 407
296 419
222 355
799 352
728 348
339 391
286 365
254 308
440 289
124 304
214 302
166 304
337 293
229 260
273 258
442 252
387 242
335 252
425 219
732 233
191 252
467 206
178 215
243 209
394 209
705 227
307 224
149 206
338 215
424 186
547 198
229 186
266 198
401 172
179 181
482 171
246 169
327 170
460 173
211 168
434 155
563 145
280 157
497 144
256 142
372 146
412 143
204 144
319 143
132 146
474 140
53 150
167 124
437 133
287 131
620 136
226 128
189 131
346 131
113 115
268 120
426 105
377 112
550 119
491 112
447 107
249 118
315 113
296 103
592 123
337 102
799 104
82 123
190 110
275 82
574 82
539 90
621 107
386 81
312 88
406 110
252 92
223 98
642 92
693 98
610 83
343 83
436 79
491 78
665 80
239 77
748 84
136 98
111 98
466 83
797 80
517 80
771 80
355 73
257 72
293 73
624 70
406 70
536 71
317 71
455 68
513 58
587 60
364 56
480 62
550 53
569 65
439 57
772 60
235 57
334 58
646 65
718 75
494 57
668 52
460 53
386 52
413 51
623 52
350 49
301 51
513 43
426 46
655 43
483 44
610 34
758 55
741 46
587 43
718 41
275 55
755 31
408 37
400 46
368 41
248 46
452 33
625 34
522 31
593 29
658 29
315 34
287 37
331 29
574 37
474 29
