654 388
372 405
616 400
202 406
271 407
149 399
324 405
716 409
514 373
234 373
672 355
275 354
402 365
199 352
575 355
358 346
605 328
645 324
527 340
241 324
94 356
797 340
81 308
192 316
571 300
393 306
322 308
145 340
279 316
727 298
120 286
492 286
545 274
426 277
291 279
798 293
42 293
135 257
610 272
182 264
389 262
263 262
764 262
657 258
342 258
226 265
464 272
97 250
436 242
489 245
527 244
783 242
598 240
60 252
146 227
405 230
733 252
189 224
295 242
377 233
568 233
661 221
688 227
240 219
439 215
739 206
347 215
523 208
636 215
271 206
304 215
776 215
473 189
537 186
147 198
667 185
404 198
124 215
694 189
81 206
172 168
483 168
728 173
668 155
745 157
635 155
609 181
245 181
407 157
184 150
489 145
262 139
316 165
706 146
761 142
461 150
435 150
689 132
745 128
666 130
414 136
642 136
598 118
239 114
461 123
719 114
560 113
516 110
637 102
751 104
701 103
119 110
577 106
420 95
467 94
679 104
720 90
621 110
566 92
532 85
223 98
583 83
760 79
279 86
692 78
206 86
642 86
621 80
742 78
111 86
722 72
437 68
547 70
463 69
571 68
671 70
221 70
245 70
92 75
38 72
137 86
705 70
750 60
261 60
212 59
637 62
62 65
611 65
360 55
515 55
661 45
704 52
579 48
450 52
250 38
559 55
234 34
687 41
224 50
343 46
433 44
742 43
467 55
723 46
640 43
319 46
29 42
515 37
385 31
672 33
207 32
262 30
628 31
135 31
590 37
46 32
325 30
120 37
17 33
189 37
531 33
554 37
646 29
421 29
471 29
740 29
709 29
723 29
110 29
453 29
30 29
543 29
697 29
