260 405
178 400
437 391
506 378
379 391
221 384
183 348
729 391
498 328
294 328
352 365
672 365
379 308
546 316
667 316
589 304
451 279
228 295
341 285
274 287
496 265
529 272
323 247
589 268
437 245
560 239
466 225
539 203
415 207
305 211
342 210
378 202
79 215
497 192
756 215
586 192
309 174
335 173
396 163
537 173
444 169
368 169
347 152
590 156
612 181
657 157
467 133
313 144
434 138
371 143
494 150
545 150
285 131
516 139
409 132
348 131
571 129
235 129
435 116
525 119
386 120
330 105
373 104
485 105
354 101
416 104
308 123
602 116
558 95
516 92
314 98
384 89
623 98
453 92
372 78
350 80
425 83
487 78
296 98
580 86
505 73
636 75
538 71
324 63
396 61
523 68
450 71
558 70
466 75
486 61
368 58
599 61
514 55
413 65
502 46
87 43
568 55
640 55
203 46
519 33
406 29
142 29
217 29
94 29
444 29
74 29
