397 391
268 391
350 372
312 349
124 391
468 365
160 378
348 330
381 328
216 340
308 302
274 340
419 328
534 328
338 265
278 282
535 267
368 262
241 293
577 240
498 252
533 218
376 233
306 252
452 224
403 203
564 210
244 233
613 198
524 185
457 192
427 173
399 177
545 171
282 181
490 174
456 157
501 139
572 139
792 143
475 136
542 131
416 150
282 136
586 120
232 136
25 123
326 123
741 101
609 102
520 123
457 110
793 106
563 110
529 93
584 98
344 98
624 92
427 86
447 86
646 86
752 75
596 80
619 64
791 70
719 75
404 75
662 65
481 60
467 51
418 65
742 52
588 52
154 55
714 55
646 46
393 55
611 33
484 41
782 32
404 33
425 30
442 46
746 31
702 37
593 31
192 35
567 32
325 29
552 29
541 29
633 29
157 29
341 29
1 29
766 29
