612 400
329 378
465 373
508 340
574 340
453 324
444 293
346 316
480 293
348 272
737 242
454 252
356 233
432 224
717 219
164 215
691 206
745 215
361 198
444 189
695 165
396 165
716 181
420 157
97 181
594 150
465 165
380 150
670 150
695 119
416 133
142 150
476 136
606 123
433 123
406 104
372 104
695 90
765 98
605 95
464 86
375 82
276 86
496 92
397 76
620 79
351 75
684 70
703 67
594 70
610 60
293 65
375 60
625 57
397 57
555 56
311 49
698 51
507 58
282 55
596 49
478 55
617 41
265 36
376 43
633 41
397 42
743 35
184 50
554 34
779 55
323 33
502 31
769 33
568 31
519 33
306 32
116 33
703 31
280 31
175 34
17 31
636 29
338 29
617 29
194 29
387 29
593 29
292 29
357 29
580 29
541 29
487 29
