408 405
534 405
494 378
460 355
540 356
398 352
710 347
284 340
797 340
397 282
486 293
646 316
54 316
150 311
440 304
197 300
272 284
671 293
542 279
240 287
142 268
192 259
634 272
106 268
726 267
433 257
493 252
358 245
228 238
533 247
322 252
55 233
267 224
76 252
201 224
616 221
148 230
227 202
343 205
24 206
728 230
535 215
476 215
685 215
397 215
597 193
149 193
442 185
274 193
509 198
300 189
63 198
347 171
238 159
324 173
512 170
203 175
478 171
74 165
616 165
113 157
658 160
173 181
290 157
30 165
377 157
584 147
325 141
514 140
217 144
256 140
357 140
480 143
82 143
432 141
135 127
635 136
285 132
199 125
759 136
552 125
60 129
153 123
496 123
222 119
340 120
309 117
241 117
376 117
415 116
598 114
264 116
180 123
573 123
64 110
482 104
92 104
105 123
709 104
681 123
176 93
625 110
594 94
221 94
525 89
639 98
274 92
244 90
462 95
378 94
438 104
402 98
571 87
549 98
732 86
137 98
469 75
387 78
674 80
161 77
342 90
773 80
695 68
756 70
200 73
428 70
582 67
302 80
632 73
97 75
541 70
653 75
491 70
712 58
673 65
737 58
633 50
594 55
374 65
471 55
760 55
647 52
355 60
576 40
454 55
187 55
610 41
220 55
503 41
714 37
465 37
644 37
737 37
72 41
694 41
568 29
585 29
452 29
597 29
654 29
115 29
532 29
723 29
704 29
492 29
618 29
520 29
214 29
