581 419
699 394
769 419
656 395
423 405
295 391
233 391
622 356
112 391
536 391
192 391
153 391
497 384
300 328
503 340
688 328
723 365
405 308
631 316
164 340
308 279
397 262
588 272
664 242
314 247
633 234
352 242
386 233
315 210
407 215
366 215
587 215
629 202
388 189
666 198
315 178
347 198
730 165
383 157
549 150
621 165
338 137
573 136
696 136
375 129
485 104
345 106
334 90
616 89
318 80
373 80
231 98
281 71
342 72
761 70
367 60
1 65
266 55
641 65
340 55
620 55
282 46
759 46
227 29
757 29
