500 408
568 406
560 357
621 378
510 354
268 365
192 328
637 340
268 316
549 309
373 304
669 316
600 340
329 316
492 290
191 288
436 293
735 293
582 286
270 258
360 260
517 272
326 265
431 252
740 252
585 250
480 252
347 227
264 222
221 252
641 224
293 227
746 192
328 206
546 215
695 184
375 189
231 215
475 215
323 181
356 173
526 198
299 198
621 173
565 198
670 148
271 181
446 156
611 145
388 150
798 150
645 136
458 132
427 122
514 131
629 123
385 116
300 123
693 136
542 123
611 110
254 106
517 107
799 110
450 98
416 94
727 98
626 92
754 86
306 98
662 98
425 80
655 75
387 86
614 75
517 71
735 60
504 65
485 50
406 65
554 65
631 55
582 55
751 46
798 50
767 37
799 33
699 29
723 37
479 29
