239 419
578 391
452 365
366 352
455 316
258 286
552 293
352 272
462 258
215 272
539 247
800 252
274 237
451 233
427 252
343 215
284 209
512 219
637 215
554 206
734 198
165 215
349 175
273 159
468 198
543 181
168 181
735 165
451 181
296 143
343 145
519 148
618 165
798 150
658 136
314 136
374 123
341 123
287 118
209 123
328 110
645 104
242 123
679 110
561 100
502 110
617 92
463 110
787 110
241 86
636 72
263 71
355 86
492 78
39 86
288 86
568 75
331 71
589 92
399 98
550 68
663 71
409 70
367 75
797 75
307 75
733 75
85 53
36 65
582 59
721 55
559 50
793 55
705 50
494 50
285 65
315 50
460 46
650 55
262 43
53 55
420 31
530 30
102 37
313 31
78 37
754 37
437 31
552 34
161 31
301 31
515 31
637 46
583 29
88 29
745 29
258 29
209 29
114 29
677 29
