735 356
55 316
735 293
491 282
709 316
583 293
97 293
405 272
148 252
487 252
71 272
693 252
174 224
145 215
200 215
443 233
410 215
514 233
499 192
638 181
169 189
258 165
438 165
293 150
419 143
465 139
540 150
132 157
598 126
569 136
152 136
476 116
570 102
220 116
526 102
43 110
655 92
457 110
74 98
597 98
554 82
512 92
181 98
98 86
462 86
534 76
57 86
574 75
602 75
789 75
616 67
381 86
77 75
669 80
120 75
526 60
430 60
52 58
561 52
146 53
456 48
252 55
602 49
782 55
740 50
206 65
512 55
107 48
581 55
538 43
45 44
124 40
435 40
87 55
30 55
167 46
448 31
607 30
797 33
418 37
150 31
714 34
406 37
775 33
473 37
101 29
748 29
56 29
271 37
394 29
586 29
226 29
543 29
555 29
135 29
428 29
