684 385
790 405
730 408
617 381
569 398
236 380
375 419
507 391
182 378
380 358
667 352
790 365
737 352
275 334
148 340
533 340
668 316
339 316
797 304
382 304
239 316
599 282
200 300
296 276
726 316
176 272
396 262
493 258
145 293
529 293
363 272
324 252
136 221
162 242
475 222
406 220
344 219
49 233
565 215
178 206
269 215
205 233
290 233
105 206
375 189
211 198
469 192
671 198
402 169
89 165
307 181
380 165
448 181
227 155
538 143
467 145
172 165
643 165
411 142
796 157
72 140
383 136
219 136
108 126
50 136
417 123
457 116
413 104
537 104
183 103
516 123
150 110
567 90
393 98
347 90
459 98
423 90
67 110
82 94
136 98
602 80
468 80
556 78
67 86
539 82
727 68
579 71
336 69
431 70
695 75
250 70
457 68
415 70
622 75
742 60
358 50
556 56
163 75
531 52
609 53
633 58
473 56
196 75
441 53
578 50
458 45
711 50
485 42
736 41
67 46
503 34
429 43
539 41
252 55
337 46
447 34
110 31
560 32
604 34
80 33
642 37
651 46
133 37
93 35
266 30
617 30
210 37
582 37
145 35
253 33
523 29
65 29
379 30
330 29
473 29
239 29
535 29
312 29
491 29
160 29
799 29
548 29
392 29
