698 407
765 400
623 401
522 405
584 382
669 381
725 346
637 348
781 365
407 330
676 324
598 329
628 309
703 304
517 304
772 316
646 279
579 282
468 282
414 277
691 272
636 250
765 272
518 242
438 239
576 252
478 252
718 239
612 225
563 215
628 198
593 198
702 209
449 186
516 181
656 165
461 150
630 165
608 165
525 129
659 136
469 114
369 114
471 92
485 77
512 73
351 78
598 75
54 75
616 65
418 58
334 58
492 52
83 58
579 55
526 55
388 45
507 48
410 41
599 40
351 55
365 43
334 41
59 55
79 30
654 33
344 33
158 31
743 37
555 37
390 29
293 29
356 29
331 29
509 29
57 29
428 29
457 29
412 29
