355 400
624 380
675 419
672 365
289 391
727 378
770 340
468 365
345 340
388 340
508 365
344 293
750 293
709 316
395 293
432 252
344 242
485 252
707 252
397 242
368 272
401 207
335 215
669 198
384 181
409 181
642 150
324 143
599 136
471 129
368 129
416 136
318 123
311 90
423 110
351 95
457 95
568 81
601 83
422 80
552 80
336 70
459 75
307 72
248 75
600 65
322 58
350 65
570 56
185 75
435 61
510 49
458 50
82 50
250 49
347 46
306 55
430 41
593 50
645 46
133 42
449 34
105 40
509 31
146 34
521 37
249 35
77 37
118 31
190 37
324 37
497 29
370 29
556 29
89 29
665 29
639 29
261 29
433 29
626 29
221 29
164 29
483 29
132 29
177 29
