632 405
717 390
193 419
767 411
137 388
562 400
300 419
666 379
234 391
595 373
426 382
628 357
559 343
203 365
512 378
708 352
532 322
657 332
596 320
304 365
202 316
414 316
301 316
566 298
728 293
490 293
625 293
140 293
86 293
46 265
696 245
546 264
323 272
400 242
129 235
600 248
213 272
92 245
644 221
52 225
524 242
0 233
321 209
146 215
398 206
744 206
167 233
599 215
619 198
87 215
534 189
344 198
59 198
422 198
669 198
180 198
89 175
148 173
386 157
433 165
323 165
557 150
183 145
261 150
135 143
156 136
438 136
400 129
532 127
556 113
454 116
642 136
135 123
422 110
336 123
115 104
767 110
58 97
235 94
82 90
381 88
183 98
119 74
343 79
250 79
333 98
471 82
446 68
0 75
78 71
783 75
371 65
263 63
145 65
62 60
92 75
109 60
405 58
470 58
345 55
770 65
92 41
419 48
656 50
438 42
453 55
53 40
239 55
119 34
688 41
401 31
70 46
231 34
256 34
103 34
180 37
366 33
166 46
773 33
517 37
786 46
418 31
435 29
503 29
652 29
557 29
69 29
698 29
609 29
483 29
267 29
163 29
