468 391
336 359
773 352
449 328
725 316
437 279
699 279
771 293
655 282
529 293
338 293
361 262
709 248
641 252
434 233
362 221
635 215
341 206
612 206
702 215
672 215
731 215
372 191
410 198
387 159
56 165
601 150
370 144
660 165
328 150
629 136
554 128
393 114
373 123
313 116
565 110
586 99
531 89
327 93
300 101
558 77
112 86
31 83
423 75
288 79
397 80
511 77
536 73
314 70
600 70
49 67
465 70
241 60
286 58
554 60
177 51
95 62
306 55
398 46
606 51
417 52
43 52
111 51
533 52
80 55
154 49
326 55
63 52
465 46
550 43
589 44
236 34
96 43
135 41
154 34
67 37
168 33
414 33
84 32
606 35
47 35
445 46
578 33
464 29
117 30
294 37
103 31
591 29
790 29
635 29
136 29
654 29
183 29
538 29
