624 397
489 400
748 419
676 370
718 378
572 346
460 356
327 391
643 348
347 316
725 340
507 316
633 310
438 316
592 316
678 293
531 293
763 272
589 272
106 272
681 233
628 219
743 233
430 206
176 198
356 198
453 198
548 181
74 198
121 173
366 160
423 157
792 136
416 110
739 100
370 94
795 98
464 76
404 83
748 79
388 72
358 71
565 68
372 69
758 61
181 59
736 57
404 60
198 58
471 55
560 51
622 52
325 50
314 41
763 41
738 42
192 34
380 49
660 43
177 44
400 46
265 46
534 46
631 41
423 33
715 33
559 35
792 33
387 31
590 32
17 31
575 31
489 33
613 30
218 37
237 33
438 29
742 29
664 29
468 29
730 29
758 29
269 29
651 29
538 29
773 29
703 29
176 29
632 29
