514 382
163 405
95 405
579 409
710 405
217 400
275 405
415 391
143 361
641 391
283 352
553 335
465 355
220 356
409 327
717 356
186 328
660 352
719 306
489 300
155 316
297 302
598 304
228 298
5 304
346 304
271 277
627 279
421 286
369 279
72 282
539 287
668 265
191 258
458 262
725 257
246 262
494 262
323 255
595 260
139 258
396 258
12 272
640 237
281 233
360 244
519 245
97 242
231 233
405 224
163 222
665 227
550 221
451 224
594 208
67 233
356 208
265 206
710 203
11 227
108 208
134 203
209 215
327 174
682 198
621 186
386 177
656 198
265 181
131 176
24 181
571 181
298 170
491 198
614 157
112 154
150 152
4 165
385 143
91 140
490 165
38 146
538 150
718 165
139 132
370 129
115 128
167 136
191 129
562 123
40 115
84 117
334 116
662 116
307 136
270 107
247 116
371 102
124 106
216 104
157 107
676 104
178 104
44 98
80 98
387 98
224 85
333 89
140 98
100 104
709 110
258 74
125 78
100 78
35 80
513 86
772 86
592 86
644 80
655 98
575 78
374 70
185 86
682 86
463 75
337 72
153 80
225 68
80 69
545 68
49 68
603 75
757 75
97 60
589 54
779 58
734 61
120 61
161 54
441 55
544 49
333 49
353 53
42 55
563 52
218 49
138 50
239 55
81 51
476 50
109 43
452 46
92 40
367 46
123 33
165 34
678 41
765 49
279 37
303 37
417 35
148 33
55 37
548 31
581 31
567 35
757 37
520 37
608 37
503 37
256 37
777 29
378 29
293 29
365 29
666 29
101 29
462 29
345 33
593 29
529 29
747 29
78 29
474 29
389 29
