500 402
428 371
126 391
465 373
496 324
421 332
393 316
447 282
172 293
266 272
487 245
447 252
15 233
411 233
492 215
449 198
659 181
205 189
502 181
469 173
428 181
66 165
461 147
93 165
494 143
667 136
607 129
91 131
116 123
533 116
518 136
439 123
28 116
57 136
480 123
465 104
107 102
528 91
35 93
439 95
421 98
564 80
250 86
136 98
89 77
456 78
151 75
550 71
437 72
109 71
530 67
257 65
614 62
41 61
144 50
530 53
90 55
516 65
120 55
553 50
160 38
192 38
432 46
39 43
624 44
508 41
609 42
103 50
565 43
73 55
143 31
376 37
60 31
266 41
114 33
45 31
562 29
631 31
497 29
388 29
172 29
613 29
333 29
200 29
345 29
92 29
545 29
528 29
