193 419
601 419
255 382
478 378
516 378
763 340
283 340
552 365
460 316
232 328
718 293
384 286
353 279
283 282
442 272
276 244
363 248
416 252
469 242
200 272
660 252
368 206
278 202
301 233
345 198
398 215
455 215
624 181
701 198
370 181
433 181
680 165
594 165
319 140
320 165
724 143
508 136
560 129
637 136
374 136
546 98
305 106
400 110
273 95
631 110
587 92
383 98
719 110
559 81
426 86
305 79
484 86
397 86
121 90
640 86
268 74
627 72
544 71
24 69
578 72
656 70
131 68
64 60
649 57
48 59
291 57
116 59
146 65
215 61
428 65
98 58
391 65
338 55
416 51
33 49
628 55
85 53
403 51
555 49
575 55
479 40
225 43
134 42
645 41
109 39
19 50
205 41
268 46
71 43
37 32
406 32
90 31
55 33
420 31
663 33
631 29
465 29
226 29
209 29
598 29
15 29
372 29
