273 405
115 406
589 407
218 406
649 400
702 407
57 400
175 406
141 373
519 391
556 382
297 355
191 352
639 361
693 369
236 348
561 340
104 352
391 340
274 328
346 324
157 340
494 304
180 304
228 300
547 288
615 316
380 279
279 293
330 293
149 293
123 268
184 262
493 257
462 256
251 272
152 231
373 247
580 257
213 252
37 252
84 230
459 228
400 213
549 239
606 233
182 208
125 210
206 206
490 204
48 215
467 191
725 198
233 198
132 181
74 189
538 198
99 198
184 175
423 198
155 189
480 169
750 181
681 157
415 141
447 165
113 150
466 129
175 136
494 145
161 123
420 112
190 123
438 123
534 116
684 123
464 103
427 94
692 98
537 98
457 78
208 86
148 98
426 75
690 75
478 75
536 75
235 75
514 52
541 55
698 52
453 55
131 50
231 52
360 55
350 46
763 46
146 46
125 30
542 31
708 33
776 37
506 37
695 29
758 29
433 29
