460 391
284 365
331 365
453 328
709 328
386 316
353 304
276 293
698 280
362 265
766 252
390 252
284 242
662 237
444 242
105 233
359 225
337 210
270 215
419 233
713 233
743 215
696 173
705 198
353 181
377 198
414 173
635 181
326 157
273 181
417 140
358 145
760 131
613 129
791 132
134 150
665 136
595 123
165 136
406 116
245 113
725 118
365 114
707 102
791 105
738 98
694 92
378 93
279 110
425 92
206 110
405 94
766 98
716 81
282 76
791 77
251 86
746 72
410 72
703 69
178 69
574 86
372 70
456 60
719 57
303 58
689 57
777 65
144 65
674 50
261 65
791 55
175 49
152 49
374 55
403 52
313 46
575 39
448 46
250 42
694 32
707 52
381 38
629 33
355 38
659 34
675 33
552 33
280 37
156 34
715 34
770 46
177 31
791 35
508 31
201 46
755 46
608 29
338 29
397 29
251 29
568 29
107 29
192 29
268 29
458 29
