573 419
98 419
7 391
700 391
288 378
566 365
680 340
397 316
300 316
654 286
557 265
296 258
641 244
578 240
385 252
554 225
318 224
593 206
617 204
394 206
361 215
319 198
290 206
549 198
607 177
340 170
591 160
533 157
574 131
707 128
313 150
380 129
293 123
256 101
532 123
572 110
374 97
336 110
527 90
238 83
705 80
381 76
343 80
271 71
693 70
368 67
524 69
611 75
252 59
344 51
275 51
371 50
290 46
423 46
706 55
642 55
360 41
618 46
523 55
166 46
263 37
705 37
278 37
446 29
513 37
469 29
357 29
237 37
81 29
618 29
293 29
