454 391
180 378
230 391
404 340
315 308
459 340
217 340
270 340
293 279
475 242
569 245
376 252
798 233
573 215
491 210
416 215
199 215
339 215
350 173
364 198
491 181
177 198
799 181
260 165
373 165
341 143
557 139
430 150
370 136
553 116
598 114
509 116
571 110
359 98
684 110
520 102
638 78
599 86
551 80
522 80
613 70
642 58
284 65
549 54
721 55
525 58
369 55
418 50
616 55
282 41
795 40
337 43
483 33
550 34
186 32
578 37
534 33
58 33
565 31
265 37
612 37
120 37
720 33
592 29
279 29
338 29
295 29
325 29
675 29
230 29
46 29
171 29
309 29
737 29
