64 391
602 391
387 340
98 328
597 293
125 276
493 262
149 224
593 233
517 233
528 198
655 198
600 181
578 157
206 150
499 150
463 121
597 150
418 143
20 136
538 136
419 114
187 136
495 116
598 114
16 104
221 110
463 98
424 93
95 98
19 86
339 98
560 78
124 86
192 80
425 75
389 75
587 80
695 72
263 75
243 68
665 75
137 60
675 58
110 65
18 65
220 53
520 53
571 65
202 55
253 52
402 65
92 60
558 49
235 50
546 41
387 46
6 55
696 55
449 40
679 43
277 43
370 33
210 37
512 37
136 31
585 31
309 35
676 31
486 37
198 33
355 37
292 29
468 29
457 29
735 29
522 29
441 29
324 29
501 29
335 29
252 37
