9 419
509 391
500 293
435 262
474 272
44 240
401 227
446 233
473 215
53 210
423 186
86 181
426 153
476 181
64 157
383 143
461 143
114 165
93 150
439 125
157 136
60 129
465 123
324 129
79 116
167 104
426 106
66 102
221 104
182 94
461 91
360 110
191 80
441 82
82 80
114 98
239 72
475 80
164 80
67 86
459 69
543 67
424 75
109 71
200 65
171 56
156 60
509 60
458 55
719 55
83 57
681 65
434 55
543 42
499 43
425 41
113 41
77 36
233 46
694 46
193 35
521 41
101 46
174 31
449 35
737 30
679 34
260 32
576 29
29 37
541 29
89 29
156 29
234 29
58 29
497 29
432 29
47 29
301 29
519 29
