275 405
407 419
270 365
392 365
628 391
766 391
502 340
219 328
387 324
515 287
435 279
601 282
467 293
283 268
394 260
234 293
799 272
742 252
616 242
362 234
561 245
234 252
508 245
581 224
322 210
415 233
279 233
704 215
543 206
348 206
774 215
499 206
281 198
616 206
558 175
750 181
386 181
422 198
674 165
621 155
766 157
725 150
302 165
326 136
629 136
378 136
699 136
530 118
697 110
593 110
633 106
662 123
408 123
739 123
392 110
442 98
542 98
780 80
409 98
599 75
638 86
565 75
799 37
770 29
651 29
