152 419
194 409
505 419
276 395
555 391
349 354
496 358
298 343
648 340
215 352
684 365
555 332
181 365
598 308
302 302
488 316
261 328
420 316
272 293
520 293
592 265
472 257
413 262
316 268
551 245
286 245
337 236
652 252
151 242
578 228
46 233
367 228
310 219
427 203
281 215
340 208
504 215
624 206
586 189
95 198
321 184
365 189
296 189
397 168
621 170
453 173
490 173
272 175
318 162
532 157
560 170
369 147
468 143
342 142
134 140
295 140
399 134
620 143
593 143
211 150
432 131
529 132
321 132
361 118
487 123
291 118
507 119
621 116
417 115
558 123
333 110
390 103
212 123
563 100
263 123
521 104
316 100
353 98
631 98
370 92
443 95
459 90
488 92
507 90
395 71
594 80
618 86
549 86
299 98
336 75
496 72
649 61
522 68
366 70
444 70
536 75
572 68
311 75
383 50
506 50
191 55
427 65
608 65
347 41
279 46
662 55
578 55
633 55
526 33
226 31
191 33
445 46
204 37
408 29
171 29
55 29
140 29
763 29
