457 387
381 387
422 347
705 310
463 347
555 347
447 310
374 276
263 276
418 276
753 276
677 245
717 245
683 276
589 245
485 245
369 217
482 217
452 245
702 217
597 217
296 217
123 217
670 217
302 192
642 192
481 192
680 192
563 192
439 217
773 192
615 169
555 169
228 169
483 169
710 169
446 192
641 169
377 169
748 169
423 169
310 169
285 169
329 148
604 141
433 138
576 169
684 169
475 133
529 148
229 141
128 138
559 136
365 138
345 129
726 148
176 129
316 129
413 109
187 111
482 107
349 107
370 111
436 111
559 111
666 111
236 111
458 111
607 107
290 111
714 111
535 95
302 87
447 83
310 111
566 95
202 83
261 90
508 73
548 75
123 95
478 74
468 87
327 80
255 74
343 80
142 80
427 80
76 80
491 61
169 58
83 47
579 67
631 67
504 55
307 67
215 55
442 67
483 39
109 44
64 55
236 55
133 28
262 29
163 34
231 28
55 34
217 34
83 25
496 25
375 25
469 34
176 25
699 25
144 25
