442 310
449 347
558 310
540 276
464 276
460 245
431 245
556 217
356 169
418 169
356 138
416 148
695 129
492 129
375 111
344 111
263 99
673 99
492 111
420 111
644 83
406 87
373 78
677 72
278 80
261 75
631 70
400 72
551 95
298 67
314 53
517 59
667 58
83 67
235 67
290 55
714 55
648 49
677 49
261 55
624 51
377 48
404 53
492 67
279 44
54 44
321 41
518 30
298 40
384 37
595 40
100 40
240 41
227 40
333 34
640 31
264 31
307 29
544 44
83 34
625 28
591 28
290 25
651 25
530 25
677 31
54 28
490 25
234 25
573 25
276 25
479 25
165 34
249 25
392 25
97 25
731 25
