338 310
438 276
673 276
353 245
357 217
331 192
637 192
422 148
622 148
405 129
792 129
363 129
244 111
712 111
411 111
790 107
729 87
282 83
404 90
697 87
358 95
258 95
792 71
372 73
423 76
711 70
247 80
761 80
457 59
293 61
696 62
743 63
166 63
311 55
259 67
678 55
398 55
180 47
368 55
443 55
319 44
652 44
668 44
706 38
149 40
349 37
247 43
691 44
789 44
283 44
633 44
677 29
568 30
722 44
176 26
777 34
622 28
790 25
339 25
663 25
252 25
704 25
645 25
552 25
109 25
508 25
153 25
361 25
297 25
608 25
584 25
721 25
379 25
