368 310
457 276
358 276
565 276
346 245
425 245
338 217
455 217
579 245
377 217
320 192
390 192
250 192
366 192
565 192
309 169
406 169
577 169
343 169
525 192
540 169
471 169
299 138
244 143
320 148
596 138
603 169
412 148
533 146
345 141
478 143
744 148
366 136
436 129
518 129
619 129
493 129
273 129
505 111
464 111
190 99
250 111
326 105
416 105
302 111
355 101
551 129
377 105
538 107
560 107
487 111
604 111
524 91
261 95
407 88
449 85
622 111
1 95
157 95
728 111
703 111
493 80
216 73
536 75
125 75
309 77
557 76
344 78
474 80
271 80
514 69
38 80
666 95
711 95
141 73
234 73
361 62
463 59
211 58
324 64
248 59
295 63
170 67
390 67
380 51
405 55
413 67
432 55
284 51
339 55
232 55
497 47
47 61
76 45
549 49
187 44
510 49
309 40
144 37
353 41
129 55
258 41
392 44
109 34
243 44
209 44
174 29
404 27
428 34
274 34
128 25
39 25
65 25
496 34
467 25
524 34
201 25
389 25
