518 387
389 347
643 347
533 310
440 310
398 310
679 310
487 276
632 276
548 276
434 276
391 276
591 276
634 245
125 245
584 245
525 245
490 245
620 217
56 217
431 245
415 217
558 217
695 217
408 192
481 217
624 192
553 192
378 217
478 192
501 192
159 192
619 169
561 169
475 169
720 192
621 148
700 169
161 169
469 148
419 138
663 148
459 129
578 129
215 111
469 111
426 99
686 111
571 103
399 111
162 111
559 87
508 87
234 87
55 77
412 80
724 69
604 95
698 75
94 80
565 68
73 80
443 75
548 73
533 64
356 59
459 61
127 67
734 59
204 67
372 55
244 55
521 55
483 52
546 55
263 55
798 55
68 61
94 55
587 52
425 47
507 67
362 39
503 39
253 44
340 42
300 39
80 44
700 49
120 39
58 39
451 36
719 44
741 37
563 36
604 55
131 34
385 34
181 29
479 31
152 34
490 25
57 25
78 25
356 28
430 31
725 25
692 25
704 25
166 25
587 26
526 25
774 34
393 25
301 25
335 25
