515 347
356 276
444 245
444 217
647 192
367 217
469 192
380 169
162 192
85 192
440 169
435 129
4 129
394 129
550 103
87 111
428 111
6 103
50 111
388 103
511 80
394 82
101 87
70 73
555 80
8 80
91 69
420 80
373 80
343 61
536 67
497 59
434 67
623 67
104 62
647 61
208 55
119 48
485 49
139 55
80 53
421 40
401 55
11 55
57 67
147 39
505 44
349 40
104 44
130 38
640 40
652 44
449 37
519 44
545 40
93 37
621 40
165 44
227 26
247 29
182 28
626 26
137 25
88 25
640 25
154 25
689 25
125 25
4 25
105 25
548 25
714 25
559 25
356 25
330 25
