382 347
617 347
798 347
313 347
215 347
407 310
235 310
502 310
349 310
195 310
297 310
798 310
97 276
533 276
620 310
383 276
425 276
591 276
339 276
298 276
462 276
228 276
146 245
698 245
486 245
425 245
399 245
613 245
149 276
449 217
542 217
404 217
126 217
570 245
185 217
468 192
653 217
285 217
405 192
478 217
686 192
670 169
485 169
236 192
736 169
697 169
178 169
261 192
495 148
418 148
414 169
545 169
681 148
642 138
697 134
760 148
449 148
662 129
621 129
752 129
721 129
756 105
696 111
515 111
665 111
561 107
601 103
529 83
744 87
716 91
425 85
646 87
582 95
220 95
682 91
202 95
628 95
542 95
335 80
762 73
697 75
462 75
565 77
431 71
221 72
709 61
242 80
455 57
542 67
749 58
678 69
662 59
250 61
122 80
637 59
356 55
511 55
522 67
263 46
238 49
578 59
666 45
334 55
143 67
206 50
432 51
527 44
681 30
643 40
714 39
698 42
348 44
618 44
582 44
33 39
117 37
316 39
379 34
244 27
212 36
631 26
725 29
229 30
49 28
333 34
66 44
459 34
10 29
129 29
521 29
405 29
392 25
504 25
26 25
667 25
200 25
263 25
654 25
106 25
750 25
218 25
316 25
435 34
117 25
304 25
