315 310
98 245
96 217
551 217
128 192
346 192
581 192
557 169
87 192
557 192
559 148
629 148
88 148
347 133
599 148
551 129
295 129
405 129
631 111
400 101
357 107
375 111
362 85
553 103
11 95
132 95
227 80
484 72
5 80
284 80
391 80
357 70
553 73
258 80
583 80
724 95
276 67
739 67
471 59
499 52
647 61
220 55
484 47
396 51
133 55
714 49
376 44
165 47
249 46
35 55
459 44
119 39
17 44
741 44
581 44
304 36
176 39
202 36
486 27
402 27
446 26
714 34
664 29
360 26
277 29
193 26
236 29
644 26
413 29
261 28
225 29
520 28
383 25
174 25
340 25
119 25
19 25
741 25
321 29
150 29
582 25
38 25
686 25
722 25
460 25
