597 387
549 387
694 387
572 347
304 347
435 347
538 310
637 347
710 347
317 310
519 347
487 310
632 310
681 310
200 276
418 276
503 276
428 310
328 276
664 276
541 276
583 276
497 245
408 217
639 245
565 245
597 245
198 169
260 169
442 192
474 192
574 192
528 192
248 133
400 148
347 148
197 148
560 148
392 129
603 129
207 103
354 111
234 111
637 111
386 90
646 95
410 95
77 95
240 74
401 80
353 80
206 61
383 73
98 67
81 61
155 55
449 55
499 49
232 55
629 61
108 55
459 44
118 44
77 37
625 44
106 31
178 29
220 44
500 29
360 29
89 26
256 34
669 34
420 25
431 34
223 27
640 27
516 25
317 25
627 25
