374 387
66 387
213 387
151 387
113 347
205 347
182 310
217 310
246 347
671 310
493 347
241 276
139 310
478 276
735 245
381 245
162 276
155 245
680 245
649 245
480 217
244 245
400 217
672 217
164 217
720 217
189 192
235 169
636 192
407 169
415 148
241 148
694 169
364 169
103 169
656 129
611 148
246 111
423 103
342 111
460 95
718 87
751 95
737 83
543 85
687 95
323 77
558 80
416 75
674 72
697 80
16 80
350 59
682 59
536 59
433 67
725 67
452 55
698 46
550 55
635 55
383 51
706 67
366 40
679 44
718 39
332 55
391 39
743 44
421 55
351 34
397 27
616 34
112 34
539 44
738 26
243 29
428 29
700 26
384 25
721 25
759 25
12 25
152 25
188 25
542 25
367 25
450 34
258 25
305 25
665 25
31 25
682 25
