519 347
399 347
360 347
517 310
527 276
395 276
395 310
633 276
256 276
598 276
566 245
607 245
264 245
413 245
724 217
562 217
527 217
270 217
650 217
668 245
688 217
603 217
454 192
764 192
644 192
205 192
574 192
615 192
442 169
206 169
476 169
559 169
152 169
357 192
645 148
552 148
587 141
604 169
445 148
284 148
219 148
359 148
511 148
618 148
482 129
428 129
534 129
248 129
503 129
683 129
321 129
560 129
600 105
636 111
253 111
302 111
573 98
537 107
493 104
419 107
193 111
378 111
300 129
326 99
0 111
86 111
627 95
312 88
234 89
605 71
415 80
186 95
162 80
436 95
340 80
474 95
251 80
318 73
59 80
38 67
266 67
653 80
579 61
285 67
221 64
428 67
323 55
160 55
53 55
38 39
223 40
199 37
436 55
69 44
85 34
177 29
334 29
276 25
349 25
203 25
216 25
287 25
74 25
596 25
296 34
447 25
100 25
239 25
304 25
689 25
705 25
