330 276
364 245
452 245
247 217
443 169
445 192
384 169
367 192
439 148
383 148
396 129
424 111
460 111
537 97
381 111
141 111
298 111
122 87
162 95
449 95
432 82
392 83
542 75
522 80
177 73
150 80
257 80
468 73
504 64
109 67
140 57
427 67
399 67
65 67
715 67
554 58
195 55
117 50
484 55
88 55
405 46
170 47
535 48
276 48
307 67
574 55
423 49
750 39
498 39
477 39
565 38
209 39
256 44
735 44
711 39
123 31
160 28
440 27
178 26
414 28
538 31
513 27
265 25
315 25
744 25
144 25
564 25
280 28
488 25
627 25
211 25
699 25
524 25
730 25
