627 387
144 387
575 387
674 387
365 347
220 347
575 347
173 347
638 347
202 310
284 310
91 310
242 310
165 310
317 310
678 310
610 310
614 276
288 276
229 276
331 276
188 276
559 276
372 276
683 276
107 245
431 245
234 245
185 245
377 245
306 245
530 245
463 245
568 245
276 245
624 245
119 276
25 245
151 217
341 217
278 217
308 217
591 217
210 217
240 217
56 217
382 217
541 217
99 217
511 217
600 192
319 192
94 192
352 192
463 192
387 192
568 192
230 192
262 192
620 217
449 217
192 192
206 169
463 169
97 169
360 169
392 169
316 169
545 169
597 169
532 192
228 148
599 135
162 169
454 148
394 138
206 148
334 148
235 169
547 138
496 148
147 148
259 129
284 148
257 148
61 129
633 129
281 111
403 103
252 111
440 111
321 111
221 103
371 105
546 111
625 111
558 89
519 91
386 85
609 99
436 80
571 111
314 80
585 80
539 73
414 77
644 68
349 80
626 73
489 80
302 67
402 67
220 67
226 80
560 67
761 67
523 67
577 67
236 61
346 50
509 51
770 49
435 55
487 49
206 67
410 49
283 52
628 55
540 42
616 49
244 39
648 40
732 39
301 34
562 40
364 55
377 55
754 39
671 40
594 39
467 25
207 44
626 29
765 26
149 44
451 29
587 26
372 25
347 34
506 25
527 25
328 25
428 25
149 25
247 25
491 34
70 25
672 25
690 25
740 25
655 25
410 29
641 25
282 25
