481 192
244 148
656 129
189 129
660 111
259 111
459 111
202 103
146 111
273 95
134 86
599 95
604 111
96 87
76 95
164 90
118 95
83 75
229 95
50 73
290 80
115 70
20 80
140 70
196 73
526 80
598 61
612 80
169 62
592 80
32 61
309 61
99 64
115 50
338 44
595 46
80 52
571 47
271 49
322 52
245 49
430 55
370 47
223 55
284 46
526 55
311 40
172 44
486 40
656 39
134 40
358 38
97 39
149 37
19 40
54 55
200 44
441 39
277 34
550 28
575 34
318 26
471 28
229 29
370 34
288 29
510 27
612 34
115 30
678 25
20 25
599 25
56 34
421 25
396 25
259 25
533 25
644 25
626 25
215 25
341 25
435 25
486 25
127 25
199 25
459 25
