679 387
605 387
740 387
667 347
465 347
670 310
593 310
591 347
381 310
474 310
317 310
783 310
591 276
683 276
427 276
622 276
480 276
596 245
689 245
721 245
377 276
410 245
483 245
626 245
547 245
512 245
707 217
438 217
615 217
513 217
489 217
611 192
476 192
706 192
675 192
736 192
363 217
644 192
514 192
658 169
717 169
626 169
460 169
534 169
411 169
555 192
585 169
404 192
755 169
510 169
642 148
672 135
696 148
537 144
411 141
594 133
729 148
481 148
437 148
466 129
386 129
557 129
741 129
512 129
592 109
458 111
679 111
484 101
546 111
412 111
566 111
764 111
433 111
606 95
395 85
552 90
580 95
507 71
589 80
622 95
408 75
464 70
525 80
748 95
650 80
566 73
542 67
712 80
301 53
547 47
784 55
458 51
435 63
506 49
522 42
612 55
220 55
696 67
451 40
301 30
323 40
731 44
354 39
433 44
596 39
340 26
283 34
503 34
569 29
533 34
544 25
489 25
356 25
315 25
652 25
790 25
514 25
36 25
672 25
779 25
435 25
453 25
