272 387
382 387
340 347
437 347
79 310
352 310
247 310
253 347
197 276
536 276
295 310
95 245
96 276
394 276
433 276
141 217
73 217
347 245
506 217
318 217
208 245
199 217
423 217
102 217
565 192
503 192
315 192
162 192
220 192
133 192
239 169
168 169
654 169
94 192
3 169
422 169
81 169
692 169
375 169
576 169
470 148
317 148
497 148
371 148
421 148
571 138
243 138
175 148
674 148
196 138
441 129
225 129
392 129
349 129
692 129
314 103
387 111
293 111
432 111
348 109
326 129
188 111
495 111
454 105
140 111
366 103
257 107
557 99
78 129
116 129
273 95
601 95
609 111
237 95
349 82
419 95
199 95
401 91
91 111
294 73
590 73
118 95
250 80
635 71
463 80
328 90
447 75
410 73
314 71
372 74
798 80
648 80
53 95
725 67
710 61
334 67
356 67
296 55
312 55
500 67
632 55
686 39
217 55
535 55
619 55
715 40
324 44
272 51
542 39
583 44
519 44
735 34
658 26
627 25
535 25
702 25
551 25
202 34
674 25
303 25
135 25
77 34
291 25
