572 387
515 387
643 387
578 347
518 347
475 347
276 347
411 347
760 310
465 310
634 347
520 310
295 310
412 310
668 310
540 276
483 276
614 310
410 276
718 276
308 276
487 245
460 245
579 276
402 245
176 245
313 245
523 245
613 276
397 217
562 245
246 192
466 217
438 192
398 192
524 217
490 217
482 192
245 217
176 192
511 192
478 169
648 169
381 138
456 169
473 148
325 129
506 129
333 111
484 129
453 103
368 103
273 111
344 87
489 105
226 95
394 95
725 95
367 80
442 80
419 67
430 50
361 49
448 49
341 55
452 30
122 44
716 34
440 28
107 28
211 44
422 29
560 25
613 25
68 25
599 25
277 25
529 25
7 25
355 25
514 25
345 34
629 25
197 25
300 25
211 25
