488 276
384 276
278 276
477 245
407 245
345 217
380 217
554 217
436 192
463 217
352 192
376 192
316 192
444 169
409 169
316 169
505 169
384 169
350 169
339 140
400 140
460 148
421 138
467 129
522 129
444 129
303 148
496 129
383 129
531 105
398 111
352 111
463 99
323 129
327 98
376 97
157 129
556 95
434 95
605 111
407 95
437 111
259 111
349 83
492 72
515 95
536 80
521 80
444 71
391 80
617 95
628 80
319 80
637 67
398 61
418 73
207 55
365 63
517 55
325 55
647 39
83 44
381 44
529 44
230 29
449 39
486 25
214 25
261 25
