664 387
126 387
597 387
207 347
542 347
600 347
125 347
536 310
125 310
482 310
428 310
213 310
624 310
545 276
602 276
216 276
630 276
116 276
495 245
562 245
364 245
433 245
333 245
425 276
496 276
680 276
279 245
605 245
1 245
220 245
460 245
653 217
493 217
528 217
240 217
205 217
420 217
600 217
560 217
202 192
448 192
703 192
508 192
344 192
638 192
351 217
413 192
267 192
321 169
409 169
568 192
681 169
254 169
595 192
346 169
214 169
638 169
665 192
471 169
715 169
593 169
419 148
312 148
239 148
446 148
503 148
349 135
219 148
510 169
400 132
171 133
541 169
568 169
483 138
305 129
199 129
257 129
609 129
527 111
560 111
290 105
350 107
397 104
328 111
582 111
240 111
522 129
179 111
154 111
537 95
241 78
280 85
17 95
441 111
574 95
393 87
364 87
203 111
217 87
412 80
168 80
269 73
148 80
504 80
460 80
222 67
434 63
312 67
489 67
23 67
579 61
255 49
189 52
389 50
399 67
589 46
366 55
160 53
380 67
495 49
446 47
146 46
666 67
285 49
242 40
171 39
130 39
554 44
309 37
44 37
327 37
201 40
537 39
25 44
69 44
467 39
519 29
368 29
208 26
123 29
492 34
154 28
343 26
649 29
441 25
452 34
426 25
222 25
272 25
326 25
550 25
171 25
32 25
107 25
293 25
255 25
142 25
385 25
505 25
536 25
