431 310
233 310
442 276
233 276
341 276
465 217
425 217
545 217
256 217
399 192
476 192
330 192
336 217
245 192
494 169
393 169
209 169
556 169
456 169
328 169
249 169
288 169
207 140
550 143
135 148
398 148
491 135
428 148
454 133
265 145
320 138
299 129
186 129
276 129
360 129
294 107
322 111
549 111
386 111
626 111
262 108
252 129
440 101
414 111
496 106
766 111
181 111
207 111
329 83
271 92
535 95
383 83
612 95
230 105
249 85
471 111
637 95
160 111
347 84
71 111
798 87
302 80
592 76
523 80
154 95
454 80
433 80
230 76
488 69
541 73
122 95
98 95
474 71
565 80
417 70
364 67
290 69
512 67
463 60
631 61
759 67
405 55
668 55
498 55
331 55
680 67
577 55
302 49
256 67
548 45
273 55
447 51
659 67
211 67
426 40
722 44
629 44
483 41
356 44
522 44
657 37
590 44
442 34
290 39
257 44
462 41
508 44
644 34
766 25
669 29
629 25
533 34
456 25
389 25
565 27
508 25
358 25
