381 347
319 310
255 310
670 347
635 310
390 310
389 276
392 245
164 245
134 276
290 276
274 245
494 245
468 217
184 217
146 217
798 217
394 192
476 192
245 217
225 169
410 169
381 169
452 169
258 148
81 138
135 169
421 129
703 148
194 148
411 111
82 111
464 111
394 103
423 87
537 95
373 73
604 80
728 80
458 72
560 76
73 95
429 71
332 64
746 67
570 59
361 61
79 80
470 61
166 80
64 63
121 80
534 55
540 67
588 46
711 49
449 52
79 49
499 46
557 49
215 67
430 49
253 55
610 50
640 55
510 39
625 44
341 44
567 30
602 36
441 41
539 42
370 40
497 28
357 44
729 44
62 44
521 29
611 27
94 34
450 29
115 31
277 34
642 34
154 29
139 34
483 29
475 44
257 27
375 25
712 34
326 25
230 25
74 25
536 25
555 25
658 25
393 25
169 25
435 25
102 25
128 25
626 25
186 25
462 25
309 25
289 25
588 25
508 25
364 25
