656 347
377 347
316 276
494 276
326 245
558 245
460 245
286 245
350 217
375 245
433 217
65 217
308 192
516 217
363 192
512 192
303 169
387 169
482 169
526 141
464 148
360 148
410 138
390 138
498 148
486 129
126 148
435 129
338 129
313 138
292 129
312 111
464 111
628 108
560 111
528 111
412 111
368 111
442 107
484 99
345 111
569 95
355 95
457 95
391 97
538 95
428 95
546 80
640 95
518 87
502 75
301 95
376 80
204 59
326 73
447 80
394 67
361 67
524 67
496 61
190 47
310 44
478 55
441 55
186 34
227 30
205 34
176 25
641 25
582 34
431 25
287 25
