423 387
108 387
297 347
146 347
498 347
447 347
396 310
511 310
682 310
444 310
549 310
237 310
651 310
262 276
371 276
405 276
176 310
482 276
306 276
592 276
664 245
640 276
228 245
372 245
182 245
680 276
408 245
487 245
289 245
336 217
266 217
681 217
391 217
617 217
331 192
103 192
133 192
155 217
258 192
512 217
127 169
669 192
321 169
618 169
290 169
449 192
170 192
363 192
136 136
332 148
388 169
550 148
101 148
306 148
158 148
266 169
49 129
76 129
178 129
284 111
42 100
60 111
128 111
94 103
153 111
180 111
202 111
674 111
273 95
237 83
374 86
111 87
578 95
255 95
142 95
587 74
259 75
98 75
39 80
79 83
53 73
336 75
123 75
560 75
214 80
156 75
465 59
583 55
364 61
550 58
82 56
222 58
167 63
441 55
281 49
274 67
539 42
126 50
42 55
154 46
57 49
340 54
102 49
298 44
367 39
115 37
92 39
728 55
139 44
563 39
481 44
684 30
764 39
506 44
161 28
284 34
584 34
55 26
542 28
343 34
781 26
459 29
128 34
309 25
295 25
596 25
405 25
568 25
86 25
668 25
752 25
477 25
74 25
379 25
390 25
263 25
490 25
