487 276
391 276
510 245
217 276
426 192
494 217
350 192
465 192
326 192
394 192
460 217
567 192
498 169
576 169
375 169
321 169
344 169
333 144
403 148
523 132
436 169
359 148
482 148
599 169
446 148
418 129
466 129
349 129
375 129
496 129
439 129
501 111
482 105
394 111
539 111
355 108
446 107
374 107
300 111
604 111
391 85
434 83
551 90
368 85
468 95
516 95
593 95
328 80
343 95
505 80
621 80
321 95
534 80
485 71
384 67
367 58
632 46
450 67
87 55
398 55
511 55
526 55
106 44
599 44
92 34
232 25
485 25
468 25
435 25
107 25
