120 276
167 169
748 148
220 148
467 129
631 129
164 129
62 129
694 129
80 105
189 111
644 98
13 111
144 111
102 87
27 95
123 95
46 95
607 80
143 75
66 80
172 95
692 80
430 67
312 67
52 63
86 67
280 62
644 73
15 73
259 50
296 47
137 52
116 58
79 51
332 55
367 47
579 44
271 42
492 41
637 44
597 40
35 44
753 39
441 39
241 39
385 40
123 30
454 37
556 44
309 31
604 29
633 28
79 34
398 29
65 44
330 28
140 26
226 28
369 27
200 25
283 25
521 25
237 25
251 29
352 25
295 25
486 25
501 25
70 25
647 25
755 25
108 28
743 25
563 25
419 25
95 25
19 25
