665 387
581 387
555 347
604 347
544 310
598 310
649 310
717 347
549 276
303 310
61 245
143 245
637 276
319 217
526 245
560 245
395 217
588 245
73 217
586 217
544 192
144 217
660 217
496 217
90 192
353 192
171 169
156 192
102 169
630 192
558 148
384 148
573 169
143 129
117 148
555 111
449 111
257 111
81 111
97 87
380 83
475 80
780 73
71 72
241 80
348 80
124 76
255 73
107 73
214 80
443 67
86 75
264 61
139 61
374 67
78 49
114 52
348 55
243 55
97 42
417 49
438 40
454 51
784 55
405 37
121 40
56 41
426 28
396 29
506 29
178 34
160 44
649 27
68 27
556 29
779 29
412 25
448 25
701 25
99 27
115 25
81 25
486 25
351 34
53 25
