112 387
267 387
234 347
194 347
288 347
96 347
482 347
364 347
271 310
307 310
141 347
210 310
508 276
145 276
135 310
178 310
472 276
599 276
252 276
381 310
211 276
293 276
317 245
391 217
227 245
179 245
526 192
175 217
200 217
361 192
454 141
600 148
399 138
542 148
202 169
396 169
596 111
410 105
386 103
399 78
609 80
722 80
560 70
590 70
702 80
441 67
351 52
644 55
507 55
718 47
701 55
302 55
588 55
129 55
572 48
168 55
687 44
274 55
418 49
548 44
623 44
337 44
593 34
719 31
164 27
131 28
480 28
150 34
260 34
619 26
379 25
530 25
561 34
692 25
424 25
574 25
706 34
290 25
