497 347
382 310
285 276
514 276
384 276
469 245
339 276
344 217
566 245
593 217
304 245
104 192
426 192
591 192
322 192
309 169
389 169
358 169
443 169
461 148
321 148
331 169
286 148
375 136
597 169
504 148
401 135
429 141
590 148
527 129
446 129
483 129
334 129
438 105
393 111
415 111
338 105
544 111
621 101
360 100
138 129
484 111
521 100
464 111
560 95
310 111
477 95
386 89
539 80
495 71
641 80
372 80
519 71
406 95
348 80
395 61
363 63
330 73
655 63
510 55
379 55
526 55
570 55
600 55
211 39
487 34
228 27
309 39
200 29
