149 387
234 387
298 387
506 387
389 347
268 347
316 347
395 310
215 347
519 347
138 347
175 347
329 310
354 276
395 276
530 276
201 310
498 276
238 276
301 276
145 310
235 245
406 245
271 245
81 245
313 245
622 245
370 245
395 217
327 217
408 192
277 217
549 192
368 192
220 217
541 217
623 192
342 192
345 169
416 148
408 169
298 135
278 169
556 148
487 148
473 129
366 148
468 111
420 105
332 111
449 111
350 95
404 95
434 80
289 80
461 80
575 67
368 62
414 80
267 67
347 43
326 67
367 37
457 37
282 46
81 44
523 29
359 27
395 44
726 29
239 25
378 25
79 25
740 25
188 25
650 25
201 25
691 25
170 25
439 25
678 25
499 25
