409 387
279 347
398 347
544 310
282 310
405 310
404 276
154 276
205 276
543 276
306 276
624 245
235 245
537 245
281 245
206 245
366 276
171 217
158 245
331 217
272 217
143 217
207 217
529 217
361 217
110 217
603 192
524 192
218 192
348 192
152 192
664 192
523 169
82 192
323 169
575 169
204 148
153 148
320 148
368 135
511 133
195 169
256 148
267 169
285 138
440 148
739 148
171 169
223 129
266 129
303 129
539 111
211 101
263 111
236 107
64 129
363 107
598 111
476 104
493 111
420 111
643 129
302 111
718 111
111 111
799 111
622 111
380 95
565 87
276 95
293 95
388 80
458 80
204 76
421 80
326 95
550 80
588 80
487 75
335 80
771 80
751 73
681 61
533 61
515 67
602 51
498 55
580 55
476 61
435 67
376 67
314 55
651 55
742 55
766 55
454 55
227 55
486 44
726 55
569 34
628 34
709 29
619 44
590 27
202 34
526 34
450 25
732 34
579 25
798 25
555 25
606 25
772 34
494 25
619 25
537 25
112 25
